6371000.000000000000 
6370999.999999844469 
6370999.999999686144 
6370999.999999844469 
6370522.207848299295 
6370999.999999959953 
6370999.999999959953 
6370999.999999804422 
6370999.999999804422 
6370840.729977174662 
6370840.729977095500 
6370840.729977095500 
6370840.729977019131 
6370840.729977145791 
6370999.999999991618 
6370999.999999991618 
6370840.729977145791 
6370999.999999912456 
6370840.729977066629 
6370999.999999833293 
6370999.999999912456 
6370999.999999833293 
6370840.729977066629 
6370999.999999754131 
6370999.999999754131 
6370999.999999980442 
6370681.465926713310 
6370681.465926674195 
6370999.999999940395 
6371000.000000000000 
6370999.999999980442 
6370999.999999940395 
6370681.465926674195 
6370999.999999880791 
6370999.999999861233 
6370681.465926634148 
6370999.999999824911 
6370999.999999880791 
6370999.999999861233 
6370999.999999824911 
6370999.999999765307 
6370840.729977166280 
6370999.999999959953 
6370999.999999980442 
6370999.999999991618 
6370681.465926693752 
6370840.729977166280 
6370681.465926693752 
6370840.729977126233 
6370681.465926654637 
6370840.729977087118 
6370999.999999912456 
6370999.999999940395 
6371000.000000000000 
6371000.000000000000 
6370999.999999991618 
6370999.999999980442 
6370999.999999959953 
6370840.729977126233 
6370999.999999940395 
6370999.999999912456 
6370840.729977087118 
6370681.465926654637 
6370999.999999880791 
6370999.999999872409 
6370999.999999844469 
6370999.999999844469 
6370999.999999824911 
6370840.729977047071 
6370840.729977047071 
6370999.999999793246 
6370999.999999784864 
6370999.999999880791 
6370999.999999844469 
6370999.999999872409 
6370999.999999824911 
6370999.999999844469 
6370999.999999784864 
6370999.999999793246 
6370999.999999725260 
6370999.999999725260 
