1.08974e-17
6.71979e-17
-2.49445e-17
7.66845e-18
1.0005
2.23486e-20
0
0
0
0.406804
0.517464
0.515912
0.445811
0.708162
-3.01578e-23
0
0.722347
0
0.70168
-1.69745e-25
-2.15473e-26
7.66863e-27
0.688409
0
1.66275e-28
0.36784
0.887669
0.778127
0.338989
0.160085
0.371003
0.328558
0.803139
0.0769612
0.338946
0.886454
0.374291
0.103653
0.327401
0.345509
0.154098
0.622447
0.373453
0
0.262306
0.911794
0.620903
0.925195
0.645677
0.908679
0.646449
0.236641
0
0
0
0.261852
0
0.389413
0.673944
0
0.241747
0.555913
0.919882
0
0.237127
0
0.372028
0
0.639028
0.698381
0.300124
0
0
0
0.280909
0
0.39053
0
0.183418
0
0
