    2.3089672524431853e-01    9.4419931990719952e-01
    7.6972729229589232e-01    5.6004490694461762e-01
    4.5666192277740758e-01    6.4956532286668783e-02
    3.4704827553035100e-01    4.3346758684519843e-02
    1.7029129460415052e-01    5.7848681758737885e-01
    1.7806580631875926e-01    4.0796229485596841e-01
    4.7713847918592711e-01    6.9632062609656353e-01
    9.3523387524149737e-01    5.9376691568507126e-02
    9.4282988430020609e-01    2.9889553525661583e-01
    1.4258441861047552e-01    5.0969973067683423e-02
    8.6931452994682057e-01    8.4143131616869637e-01
    2.4846989248223841e-01    6.9491754400821379e-02
    3.2047566906010161e-01    9.5273532760907631e-01
    3.0930548173080219e-01    3.9285811900650014e-01
    9.3713465668529705e-01    1.7325576794981348e-01
    6.5909955429446820e-01    5.5540169327709432e-01
    8.4960984181612986e-01    4.9028001340739252e-01
    8.6257076633423779e-01    6.1508546896274952e-01
    2.6876794118068242e-01    7.3628882297532505e-01
    3.2584577736851211e-01    2.6838137653090832e-01
    5.0857783343943030e-01    2.7693933761292910e-01
    6.1305439748846691e-01    2.9275059767737044e-01
    2.6897853301618035e-01    6.1852441976686712e-01
    6.6504765377763203e-02    2.7279956999103655e-01
    7.5319971052407497e-01    7.6078198072096126e-01
    5.0254188663087021e-02    7.0401551964582709e-01
    1.3171848558826219e-01    8.6255681158682929e-01
    8.1736370406658121e-01    1.5531604813936770e-01
    9.5629702221522439e-01    7.9611705711023917e-01
    7.2083608326535198e-01    3.4168364421369424e-01
    9.4697113977622460e-01    5.4223863223848900e-01
    4.7233764303445530e-02    4.8137177506850576e-01
    6.3194869604980497e-02    3.6944066957154409e-01
    3.7189114248119715e-01    7.5222408152833509e-01
    5.0908882516665831e-02    1.6421183791744998e-01
    1.5320188761178904e-01    1.7450734783041422e-01
    3.4446728734819282e-01    1.5278169324985941e-01
    2.4709542888612238e-01    1.9548267586903573e-01
    6.5366368046303414e-01    8.2789185288509459e-01
    6.7680032387016575e-01    1.4282051256725925e-01
    7.5660508280661565e-01    6.5947863967139309e-01
    4.5476916802550432e-01    8.3155536355386406e-01
    9.5063901790036509e-01    9.3370676705922817e-01
    6.8302896065649610e-01    4.3889682012242005e-02
    4.1191807826102877e-01    3.3302242254719111e-01
    8.5946851662061352e-01    7.2762770904372387e-01
    4.4214794017482467e-01    1.9612548795191240e-01
    8.4112126820475297e-01    9.5396986163478625e-01
    7.4569830587038599e-01    4.5688992649253507e-01
    6.4189026173672781e-01    4.2188362758952319e-01
    5.5569360632179587e-01    8.4329829625023078e-01
    1.5244304691731952e-01    6.7488344695215741e-01
    8.2932887606032368e-01    2.6286092258908794e-01
    4.3682656834700762e-01    4.5545227914830111e-01
    3.4056434990169121e-01    8.4705380180430023e-01
    7.1664532787995616e-01    9.5266336549832076e-01
    2.0460605107318253e-01    3.0604967657623600e-01
    1.4952083025221979e-01    7.6451237362114566e-01
    4.1677492400588628e-01    9.3836955485064877e-01
    6.1369451754834958e-01    9.4946570485549597e-01
    7.9495854930175425e-01    5.2910144892618971e-02
    4.1061673800746767e-02    9.3381585156230029e-01
    5.7098850741411877e-01    7.4599783305424716e-01
    9.5132569651691312e-01    6.7843574052063904e-01
    1.3108906021770292e-01    4.9319597792924530e-01
    5.3104004573137936e-02    5.9288473027594446e-01
    6.6258967430984439e-01    6.9780138201925046e-01
    5.6313201222289111e-01    5.2681243448262499e-02
    2.3306666709226589e-01    8.4695032201310694e-01
    4.6704243951547202e-02    8.1735163322229554e-01
    1.3629342701414060e-01    9.5768794272242552e-01
    5.5879085777576243e-01    1.7155161306811767e-01
    9.4611871318557073e-01    4.1092972424751767e-01
    7.0514769827878632e-01    2.2597893209161379e-01
    4.6033541759961116e-01    5.7435390168303457e-01
    4.6456095245739223e-02    5.8931836924382953e-02
    5.2864932320138225e-01    3.9266010050052697e-01
    5.5420915363206980e-01    5.0332108349451410e-01
    3.7107403447064508e-01    6.4159483841470111e-01
    8.2928998574301249e-01    3.7638344295299880e-01
    5.6097069457600002e-01    6.2138120954225950e-01
    3.5675452800354052e-01    5.2949521250154419e-01
    7.5882207536183077e-01    8.6990143559383337e-01
    2.5045090040926821e-01    4.9579081296658511e-01
    5.1286719935315828e-01    9.4619190268455755e-01
