1966.255271921952
122586.276543661370
47708333.492079794407
109822.685301449514
5328.284462160861
64892.440329873803
5516.030341272969
7441531.625049910508
7038261.806829563342
18279.363747395822
7574279.393180054612
7561241.303796991706
5764.192077925779
46531.397399994094
91422.367947892853
2776098.272066690028
39086.191363256570
3878.809213819668
7890.436515698986
3124334.972307831515
5159023.529144981876
13292.603442193191
8295.212386845407
34262.238104646560
7595040.068857178092
17213.312014336487
30800.509980957242
13785.310308868880
11406.630828120102
19953.698375011983
14881.306085487326
96086.860716900075
30033.591523626055
2755232.165778969880
18082.690894500836
111249.622307347046
65093.410616692796
28038.226151381939
20301.037385253698
13102.333892895365
24880.133160722842
7663290.038344566710
79192.388360592522
31914.861418827753
25203.946968577289
32385.420781224257
79674.623240050219
940588.556135286810
68768.517543158276
93197.550027039950
188732.300368522992
75643.017259196073
41361.607946135533
217021.089444556885
8001848.718735290691
2509.784205391633
1921322.159578796243
28226.660518578330
32492.452034543207
56106.864187687584
22372.999685275587
13449.783033594907
50275.469869321634
4709301.555446313694
63490.290507044010
7356978.344145864248
578163.920003294013
148906.308690747013
133732.207635069179
1429131.923825686099
3298859.521883853711
16938288.649887505919
53826.090609097642
11881.447549723449
129302.048803023412
41359.305108120032
20660.438446075423
90127.448693501094
2187290.222376141697
4350063.089237394743
2505104.878851823974
2427570.845761694480
20801.293325957446
27810.695319236391
39181.559154661576
48273.056774155040
23024.394247457076
33779.229540387008
74245.453388107228
3542569.992814465892
1612709.689759992063
115822.923050118130
6237863.294371371157
1183782.936971711461
424133.215165247500
128517.979606211506
2524029.167901293840
5210364.950816546567
12080777.012691387907
6973.628598542560
6295.882053642320
1110171.067601764109
68623.126235539312
75316.082479539255
55146.869917133845
46074.907549977026
58547.876165145681
109641.165176258073
739732.128085952252
90690.417319041066
67587.894921139596
211474.317454648990
605746.357155578327
891058.135785754072
60227.076600158856
92794.746316856283
113992.694833848465
146399.932573174185
236746.619052662951
662344.176263715955
2333923.698789369781
2173423.643583116587
299513.431033189059
159992.350380486430
7724729.458579121158
3957434.243847245350
4645365.578594068065
12192230.300856811926
752001.062544385670
9776435.702852584422
23083276.864687733352
15558.483203060592
35724.520261805781
892940.533359663794
750681.356883358909
68930.303347600537
87513.162133855323
61667.243208323278
62925.627092480332
81611.858900615043
128267.786111090274
111431.656245206512
2053285.150600777473
373360.806168313313
31756.998203420862
51667.300017744856
68687.944614895096
91677.053142445249
46718.508895412946
76510.535439677391
85659.772558238270
110323.552292666893
107334.558999914210
151448.670193843398
65354.558105770811
558346.089338217280
94782.935534623757
194844.915572638565
263980.937115140900
1111606.160371018341
754574.402546445141
978814.463990242686
1230009.195499623893
1279314.194293686887
7986837.021337183192
2890236.070874135941
2258377.731474333443
4288821.082341902889
717329.235560688656
7599784.680696463212
7290783.613134481944
3435893.115937893745
6035414.370160515420
6103988.793719594367
3943739.314368095715
8549292.369518294930
9307177.454685544595
32395803.942385111004
5681597.230866708793
3629.605136954877
54078.226444237996
64084.471377797592
73944.597551907529
26342.602577101370
155105.585924206127
49745.993589912934
40985.753058480492
87187.260013268708
1629873.094495662488
155586.424396969378
121512.083923864659
273237.816342780308
431640.154204835533
154934.047649748536
5668983.613839369267
1023428.290914253215
1038069.780988335842
2410685.775506623555
5079186.653286558576
1933387.662214646814
24004.727888405170
57239.240916575422
56178.215750455085
79497.531004179036
85772.764362993752
100087.762133549404
186691.607363447285
97487.090015474081
119642.295469857709
72193.911512753722
115713.515910202899
1349761.225790835451
290827.392233988794
2380737.692212629598
7373094.376453754492
5433885.253462924622
2157761.055711134803
7699529.356706773862
352835.474533035653
2062160.313710830640
1299108.425165551715
2280880.998759422451
3641177.870373544283
7742848.592526756227
7617728.774346518330
3986339.527566569857
1491475.415391283343
8022178.340750034899
5553003.105019688606
5743056.403365991078
4125388.010106673464
1717733.340217243182
3432701.514679652173
7846659.563447326422
7186132.530311754905
8043583.993935905397
8269549.080291198567
4150624.922721061390
5221442.348405978642
6677058.182568320073
8688006.174008283764
25340867.399808578193
11940910.851905778050
26868329.820280555636
6988567.687192730606
19646.590314313460
42175.924770848353
63589.342752455726
30841.704391817224
37116.341930597097
51761.416377070193
335519.196552401234
719810.577661417890
1163454.030754824169
261075.628416593274
956344.466778424452
844558.148168699001
2234129.176406652667
1078366.738938664785
537306.659001946566
195512.180977786920
384016.509575395088
209825.700016600866
350547.278716545086
522556.302740914281
788374.185817345278
1735574.347978259902
627465.966237520450
742973.254968630848
766987.418033770053
1311751.982116783969
4784944.133718262427
6502662.643507275730
3334378.027640435379
3969044.451711553615
2044129.044752781978
3332649.486962448340
6089115.004512424581
3876342.640909967944
5108584.997951691039
57614.221436263018
49268.176483023715
72310.800617305213
106610.873382433463
82628.823824225998
137491.232035969297
77943.066854031145
166366.212725761463
208104.869963973557
87154.233986863444
176584.512859800743
219873.381341818342
359155.930396306212
500238.576939475548
1396493.994976880029
280715.367798820604
2120810.082062653266
414364.705917871092
619135.066842345288
117957.588647960161
1309017.297560730716
2493896.862619932275
1122258.558346704580
1508848.924637434073
1458910.397554892348
1123689.965057576541
3165358.957564987708
5358482.403521628119
7130769.621641085483
3605464.940015709028
3652705.477632693015
7934890.816668236628
641004.494247727212
1874230.908275128342
1074675.590404222487
3770049.371081384365
1832163.801159762545
2922388.573745141737
5393785.773801567964
3515607.082314838655
7782453.666459545493
7843403.818189010955
4458745.034415928647
5311518.371599313803
8198363.390367282555
8464854.479251353070
3036382.410538875964
2753261.106896803249
7952839.489824556746
6899073.270625688136
7543547.536959444173
7662957.294441529550
5679622.290547309443
6386202.919863981195
5945805.219546337612
13247993.286562100053
8669033.993916183710
11971980.054461706430
7404077.437855235301
11973956.654353652149
35447361.305375181139
1627585.469131897902
22726.856676126008
17232.472232080123
33232.793305227759
22381.340069694837
46957.603357090695
27387.643300287298
98523.055496873363
134520.671470035188
195118.851242894016
42009.546499070813
59232.632535332006
73795.195667564258
54972.887347644646
43177.347051414836
110468.109103135401
141413.762218361662
189439.256639960746
92928.575680227354
119280.429491934105
207085.049712392414
561509.215195373399
305999.229387075873
104774.380698447232
189242.046542345110
1189915.276425409596
177877.105329867190
347908.853046268632
773023.757539467188
633057.448919761460
2435596.218365236651
1375663.918022677535
2906287.872521250043
3065178.896137059666
3043312.362079184502
1826516.572755150730
1238459.059566204203
549923.116158819641
751526.017222552327
745983.645127287367
1421666.582239069976
1385551.345012367470
1905839.305933572818
1261799.142928317189
1051299.842054201756
1579565.217428960139
2570606.507452116814
2135281.678242927883
1136221.801758635323
1476209.233746598242
2936055.249299142510
4395239.007424310781
6234733.447843095288
5075329.338074102998
5226857.470046994276
4834865.550577754155
2722146.255801056977
6168037.290539700538
6100713.499846470542
4044469.845342142507
5397360.257552465424
2698584.079419562593
6352817.891799855977
6249065.361995399930
7241548.593701235950
7126396.726416704245
7467913.888555896468
7193608.956868217327
7733370.526177224703
4276207.838871327229
83060.499468716313
204467.825991835474
167774.069677348743
150935.853583449178
823708.076385214459
1266987.002018774161
440617.029584149306
1022534.012037468725
803866.359126865049
506330.419613987731
305421.774626571976
168206.502177521179
194142.924026874418
311571.014079140383
458467.337377327553
662370.277233398985
980281.543278532801
1908993.824906833703
119585.410140912310
1200693.472085563233
2833534.975702309981
4014620.581369920168
1360797.131547639612
3891698.054228348192
4922266.447791825049
3137933.793013200630
6211945.413934604265
2880772.831145495642
2785924.919680732768
5928033.612511920743
7379773.904302240349
6639808.000198836438
4859412.614442519844
7571739.440136490390
4173239.493732363917
789844.141422485816
993261.302421771106
4262749.208605182357
4944292.614407937974
4640507.348339415155
4439569.302503842860
4872344.688014703803
4612747.564049862325
6272399.293126813136
8273608.532203988172
11283368.219236217439
11769271.317674018443
4783889.018146735616
6836372.921218940988
6266435.259736377746
7718516.753354802728
5722410.408404050395
6083332.633353203535
7433714.660517822951
7977651.810711037368
7706843.306796582416
7996745.558451371267
8773380.280809136108
8238054.615698538721
14865472.690791284665
11149044.773758998141
8457155.312483338639
9307323.127250280231
17152150.214787743986
17467711.138560086489
27811455.083846181631
19679325.012420475483
30187932.601659469306
39643621.034793198109
3636.711745876654
44626.256510147563
35599.486415999745
38367.946099556255
81729.027686102156
89414.687294238654
139218.002399501653
16030.908379001219
54804.925834056274
67856.478468125584
85481.568578900959
25298.959111104577
115776.547432106498
263541.571090076177
404259.400477250281
171435.719893393660
129201.381553910178
282348.536284118716
308998.060338198382
423727.923109673255
961555.536845820723
777255.624976171879
59929.493103778841
213605.037479364983
145106.625014629535
196211.394093247247
586523.573212446179
522772.256942349311
343062.378830794070
396395.663336898375
208769.175986980117
1344668.354306771187
139055.927849554864
693445.222313516890
946370.699820343871
1062461.386322927428
1590820.979323325679
2017781.263251277618
2488117.671618647408
1801048.623421951197
758585.193164168624
885529.341539333807
1952909.245253513101
2933649.039278734941
3701456.712106896099
2138454.807436779607
3006851.670183034614
4380771.105173205957
6731442.262653898448
3802177.846112539526
5700704.502562438138
4687397.602314881980
5419483.092343958095
4114744.764286907390
7296717.215545812622
7267729.391098316759
7312043.804246304557
7424838.877997666597
1502577.808437222848
519182.192905220320
225139.851550315361
306811.185867252003
425668.738354601373
299583.630186589202
441349.481640661601
581366.836122256238
277835.612560617039
1194064.716204305878
856203.056280861492
574489.047930358909
693403.461727469228
1037565.299510317040
1206934.516583983786
1724140.430721819634
1872454.374694386730
2629500.480119221844
2355557.083471439779
2717321.672778282315
1961909.555127806263
1750133.472841141978
106092.161538146145
276301.591996686475
171180.816390825872
127422.275142545317
367409.188370029617
556987.295180738089
449588.477718115144
1076485.816878567683
403214.140611297626
2196526.716326921247
1708863.452000217978
1269661.694847211940
1858798.136999576818
3636333.267073108815
5006985.101425749250
2497177.666200509295
3100533.988552541472
3796051.785803732462
4265455.177924416028
5084001.976434684359
5288108.146867086180
6806184.879847231321
2848854.430481948890
7224727.088896430098
3978370.919574089348
6440490.029915929772
4208343.661918548867
6116878.328236740083
7439860.409828590229
6825008.521255683154
7477749.141558682546
7532445.138640840538
7670455.845020412467
7431092.706383800134
7680405.595376842655
1214493.607856644783
1550068.565710723866
2683800.824195289053
3206124.591834391002
3336697.876900401898
3128053.100100894924
2061995.516453808872
3719961.382819339167
3098054.505466006231
2504627.907870521303
2584235.990764014423
3526505.139162463136
4179325.174434310291
3589057.981636337005
5099432.871853542514
4508911.665578099899
7075049.736720307730
5038950.600289224647
6608472.077397529036
6522708.742614435963
3754737.321462639142
7163916.276625536382
7643925.121872005984
7853769.160805047490
6207572.752768451348
8180235.271256991662
8131022.424833241850
4413855.586623162962
6121661.449137395248
5314843.413126028143
4739978.568666353822
6122164.051133644767
7510739.600067711435
7601194.475445605814
8880024.041515143588
8424883.258983526379
9349332.833673428744
7183264.944423948415
9211173.086694348603
10827877.317486561835
6936224.468177981675
6344249.792249259539
5385079.314257321879
4488196.349963917397
7525767.596559144557
7968769.985680666752
7054618.389706351794
7984949.397160272114
6840114.384553689510
7879167.306772100739
7520259.682494536974
7743042.536204000935
7943124.247434176505
8237138.274115717970
8287072.719673934393
7783130.086268144660
8833529.006564954296
8138569.737890239805
6986143.833201191388
7991250.500149895437
8956900.707717956975
10100218.799328580499
12900681.321558868513
10353710.639604510739
8935362.315054420382
10531613.283821163699
9079574.342170858756
18451981.119368508458
15611178.602028213441
9890704.218964183703
15815610.783010574058
20726096.428777560592
11067360.501593569294
14422495.676317095757
15266509.405901296064
20798064.958296239376
14869502.977401593700
9779556.814536480233
20080938.011172957718
27026444.923725310713
21026926.271867431700
30964160.484971307218
26629961.699226286262
35048274.557386666536
43976513.951645612717
2479.008770138296
9600.627333013137
18049.242916003630
23187.294349436816
26648.885165751777
69782.626087502664
72774.323582593090
77036.343067870839
87327.314545521673
92430.336427588190
111140.016193991934
156813.359127206175
28134.406467026030
38907.208531634235
60254.261759904293
86270.246048452624
102410.039609037471
111138.258213536232
111020.205621427158
44413.601146382956
25487.747438097689
46114.899508456001
27073.761830963958
60756.367859931961
32137.423782976806
136287.893295618880
127039.889921540729
279763.300509549794
235755.758613997285
158129.412651175400
169841.578580922709
121249.071682401438
239589.781860717892
275541.737233736785
262955.004887058923
451221.916451094847
378788.921524144011
303387.258566520002
593744.880955169559
531666.985856521060
538393.274796930025
211152.927054974687
447809.383418138081
605114.508395904209
442947.310495361977
852052.462045602151
48549.336553927147
106746.562126106350
136759.547354264010
279219.467914625653
92402.365174295686
129366.951651301817
184399.413142306439
221247.844635132205
382878.051388829597
588901.534142850665
405830.182805339922
596804.356173248729
861170.713700914057
806743.070311976713
1078057.677531735739
1213496.378525686450
1550103.840621947777
1963016.741759645287
1298840.642805429175
211540.023076677200
160074.537925562443
270201.924831426993
544554.157361904276
338239.560253908043
497329.502985946019
1441996.134361481061
1179980.955439467449
2009592.309254865628
958932.142460155534
1715112.381645603338
2196518.838647709228
1554394.896733876551
2133772.059879124630
1634063.589088040404
2565983.032949616201
2757104.788051607553
2656376.730253023095
1974312.154907162068
3192842.763361870311
3992691.543157245964
4129396.781306447927
3480304.538835110143
3998843.043091287371
4474412.745373282582
4520517.945522952825
5276922.682842277922
5852934.992173699662
3094606.374460992403
1045003.706736119231
1377532.004210948013
1104773.950612837449
940964.450271138223
1897439.259243519744
1511217.373272929806
2718927.182511573657
1865345.835401648656
1425699.023257659283
1808152.882023314945
2418030.571836653631
2752665.535676964093
3115001.388702362776
2473306.436689498834
3351191.563274995424
3443513.269269672688
3652972.420278086327
1392863.282899995334
2893566.417292384896
3988389.650199574418
3279881.753648005426
4545459.887629748322
4831063.559710335918
4891477.341825061478
5103389.664305810817
5566557.042081691325
6069536.932303848676
4225466.129986618645
6452897.771590650082
5762616.990266636945
3624400.141748003196
5217199.417753672227
7151733.926163024269
5946300.480985071510
6747248.212524061091
6283536.380861742422
5963118.462741059251
5619618.732766923495
6348529.934547048062
6780721.732385898940
6588989.470211628824
7117484.299418600276
6865834.421939249150
7274130.417157605290
4558256.488787955604
4371343.228971446864
6477097.841413522139
6074202.798458342440
7350431.557765736245
6214636.931363025680
7897881.515145414509
6894253.370435471646
7692622.617309525609
8082848.392062040977
145679.553441661410
339719.586867502774
265413.700318877411
534653.272611986031
643547.123669080553
326380.308048330538
39314.048000836374
92233.605303511111
136268.801993291621
294074.936057733546
344463.033180313185
766478.345581263187
408562.237390272436
1375902.514212166891
758473.045450296369
965414.993185133673
906345.793520678184
1664861.104450762039
1336698.809189535445
881502.922096021357
1159291.950397216249
1897537.980337112444
1944139.392254648963
1945901.770759652136
2720205.262018333189
2653827.259692796972
3792926.232105265837
3632874.869474593084
3708686.348731533624
4925940.260492734611
4711155.988992123865
86157.210128275939
218933.786039970088
169450.277854981774
257387.246050166286
195515.930878697487
600924.843610677286
439929.288527752855
324523.423561657197
446074.787409461918
609817.755236025667
1471046.280990718398
2155272.630136499181
1529778.648539585527
2444934.476844960358
942212.132383699063
811119.063781719538
832210.644692831323
658669.478828870691
1348533.014446109999
856643.707996459678
1641157.347419543890
2068549.212917996803
1718360.881947111338
3210027.734566226602
1748121.552239169599
421699.207655450038
996966.954319399898
1194768.141469122376
2882216.757786834147
3260848.145071901381
2899227.906759615988
3161805.236993630417
3897899.563082680106
3874356.682257483713
4272042.114624615759
2502011.522050397936
1999075.018701227149
4527875.765883895569
3199442.772218279541
3230797.000068440102
2841626.860660676844
4831171.619989877567
4519408.124158387072
4337515.352109452710
4051607.812367598061
5331821.916754988022
3220371.195913856849
4342526.835518003441
5806753.096086211503
5473019.846012401395
5809134.892381142825
5089996.132756973617
5123814.146097501740
5439261.983073123731
6166319.599371947348
5281613.918868672103
7463140.526144574396
6966307.040051910095
6232514.945088632405
6706546.429277404211
6408038.011924251914
5891590.396711903624
5762509.823411839083
5214336.035323372111
6746004.882541955449
7515977.896074282937
7242282.197813849896
7655058.377365727909
7613157.798430817202
7550644.358223332092
7347169.951058701612
2746817.464030510280
2313206.213419789914
3015764.064717696048
3648666.227846373804
3872901.904441489372
2979436.781276518945
4325466.385729436763
6513694.725960927084
3264606.635721925646
4173779.472095506266
4399930.076987109147
4875319.536934446543
5036380.627579974942
4472140.313251415268
6449614.862370583229
6910295.645627754740
5902106.018102440983
7930695.525876112282
8144332.132909706794
7726371.791949617676
8050043.348795619793
8415504.746678717434
5665211.402800699696
6096841.848780527711
6975156.412669920363
5258710.069922485389
7622978.853275799192
9193210.223198790103
10190749.777585085481
9063135.103721518070
8226162.069934003055
14070507.494913818315
5260140.383670615964
10911810.204050233588
12895666.970934217796
16670020.247871574014
15180228.766427619383
19536825.394428271800
14507721.384159704670
15263443.996982701123
17861679.406252671033
23122494.507769025862
39830265.002478636801
35900145.994736999273
31601428.568191494793
40749242.594604425132
45055358.106102541089
10327.844422129114
9116.525162101354
9754.392099181872
26135.467816242184
34339.882476377468
40857.254771663502
36440.345801025178
30484.962082802667
103585.153120870105
103441.555066810266
110975.781385366980
287921.712436894129
229714.332795382739
23586.510852100364
93868.496332046692
78256.541004963379
92318.792847272649
101763.250459930350
36144.544641201268
29090.255289670473
122999.311107812842
99762.201807094432
363840.088803142949
388674.196218728786
590041.816934423987
1051573.544644533424
1192919.647364730947
1737416.127583566122
1375465.116422666004
2274346.044335409533
1597363.301830828423
127662.935278302655
141354.859930404375
224197.868193450238
435661.799702827178
650998.419781458215
801219.552237818483
91705.505075704583
335851.891861940967
485027.085028499481
344879.932081372826
524353.458226280170
731965.012550833286
430063.715658033965
950321.662894718931
1424963.795470035402
1740158.495024020085
112616.135229718668
256200.050662149297
749096.348403780954
853949.752891702345
948453.406127227587
1079151.155544921756
1437791.883418922778
389336.285633350431
550978.381564100739
1784110.280912667513
557604.195065383334
1353022.148961655330
1731307.912583604455
2496202.928093245719
2750229.490148236044
2238884.205565997399
2295466.802854169160
3317319.218619065825
3603159.581356036011
3865302.182979630306
4487428.192862857133
3426174.456645259168
3196046.394002534915
3569880.575558814220
3899845.197160473559
5651350.896958477795
4914738.423227724619
5513762.125359714963
4921703.615066353232
2209771.672686366830
2325754.837785735261
3178707.927554627880
3589038.676894513424
4386632.790155671537
1664280.771798986010
1546584.068530196790
1779130.739008408273
2146846.065580154769
2536392.378413659055
1951511.050316576380
2515501.462546973024
2763900.545938570984
2401573.491326835938
2823039.142973066308
3106675.954359480180
4078415.413256729022
4023968.171415439807
3082441.113575676456
4349263.190795244649
4807137.936994993128
3462863.112919355743
3668484.373209617101
4959462.154730176553
5282305.978635165840
3930025.437936921138
4819393.606360787526
5302951.040678026155
5899619.826914531179
5920531.633091543801
6172004.737034954131
6953562.439750745893
5645458.666403154843
6696224.992668995634
5717096.037190877832
6564741.142402983271
5671912.431332748383
6736735.853415909223
6884489.376747276634
6412073.584009560756
7485038.593512095511
7105111.103955927305
7594739.368111954071
8062097.279301760718
8093627.869736548513
7324393.428591817617
7401120.913007313386
7521598.907218372449
7893769.262118895538
7566908.631511009298
7647038.386137554422
7801055.065542253666
7828716.464990006760
249018.076975339907
53594.368812056695
173153.387019341899
589151.899078909657
793860.131205452955
1696153.353627141099
1983056.368341522757
601698.587817232357
902276.698719403823
1002549.509569093352
1524349.326731958194
1236617.525407488691
1468306.591019853717
1546688.164301702753
1297563.047555008903
2065677.504378857790
2826825.800769308582
1595083.396134497598
1961824.719772880664
2216797.548695284408
2247394.193408977240
2518944.841752266511
3162446.916161415167
3551413.031277944800
3330943.858229269274
2315720.857255571987
2168111.826686125249
3132942.261239915155
3217564.257147644646
4141094.674917736556
3646337.302676894236
4261944.700213771313
4669710.085226441734
4381328.959080358036
4092153.213722269516
3286878.684285297524
1012601.811053872458
1063780.733028114308
730260.493524594582
499269.236874720664
404004.230323291151
915506.892056262121
1111469.990337842144
1738593.730381757487
785170.139668301912
1177914.093393190997
1434808.244861127110
1935695.199045963353
2393712.319006066769
2709153.649339408614
1551264.107548747910
2141636.297331007663
2431635.154243910685
2105126.115000537131
2267754.565506325569
3507480.919937472790
2577015.097292091697
3323822.361648103222
144442.916781952867
609932.021750888089
795292.391382041038
133592.352499918867
215190.377674437856
1143595.123444086406
1827087.780411391985
3629617.078743845690
1600721.613595715957
1396788.836129750358
3971747.098328793887
3748633.446790962480
3966335.345354207326
4500672.780728840269
3607660.852499543689
4953481.327593017370
4817671.448138527572
6496584.151798656210
5405107.093074356206
5692267.393848541193
4212604.930624900386
4503414.202550136484
5628537.685190077871
4781973.700717013329
5983200.174046933651
5762833.459210013971
4634566.676691871136
6249792.607842435129
6227013.235692821443
5863186.880521644838
7416726.846426410601
6851005.045901401900
6721263.826330829412
7081758.703434154391
6831898.812490491197
6383924.245644816197
7066488.543693164364
7140038.798780275509
4547293.290768676437
4929245.931551715359
4909758.194974080659
5601968.198801646940
4458468.903060398065
7211191.120484025218
6942642.112461429089
7597884.836804840714
7655411.214970135130
7685555.361928726546
7335000.744959119707
7621599.695795289241
7463400.406845507212
7617922.803395347670
7615799.650198707357
7552679.696198543534
7615890.001533441246
7682915.692007972859
1655045.210943358485
1907196.058745434275
1856098.669737792807
2169931.530583562329
2467622.042148827109
2273757.920601897407
2999773.831268595997
2705748.204689701553
3287309.362693206873
3205818.396467082668
4083218.629980213009
3770843.538740652148
4144298.591092135292
2534674.384102657903
3464405.451164267492
3674035.701560907997
3874792.998782061506
4450604.255159073509
4774197.858417353593
5860544.802301369607
4483215.943598521873
4065192.658344480675
4866634.053932406940
5090889.854945771396
5533658.896186311729
5975727.713534507900
5200779.315773813054
5251412.161227732897
4834030.964052657597
6122994.368812216446
5993190.780705004930
5592470.752733808942
5215957.654099816456
5448873.701673015021
5063711.767374420539
5577019.773223680444
4678234.471014070325
6417548.455501548946
5667367.047671085224
5897131.620386019349
6756793.286704120226
4576901.846891476773
4958120.789958522655
5535157.847891610116
5445079.336990902200
7203346.822741642594
7247947.138856732287
7530351.904596373439
6875811.314566158690
7526054.153409950435
7825039.587306992151
7505064.568156926893
8186629.852017721161
8125700.485858798027
7708345.888809810393
7930807.780024628155
8206561.478141915984
8136355.533468564041
8291323.519707124680
7888135.903066867031
8299523.922493519261
7887829.622060881928
6854037.629134350456
6597287.497557028197
8170613.353458771482
7864759.834257104434
5703450.429293408990
6479892.128058002330
5861806.516227770597
7110206.869122284465
6457121.661003724672
7509881.924313832074
7648183.014681994915
8377129.707422551699
9818045.889514205977
8611658.745288420469
8683627.780263854191
9410377.650343054906
8450102.058234555647
9595800.110107760876
8993324.167850973085
8549635.535333929583
8596968.371703175828
8900379.888996815309
8950365.139000693336
9937702.812358036637
12459763.182897949591
10687138.581156665459
10298986.650790991262
11301296.720910165459
13677827.588004449382
12658747.777694694698
5574663.507002557628
5910756.946395050734
5496422.270148125477
6127623.793041552417
6417894.235194957815
6055221.730384835042
7509942.116466223262
6634855.916208357550
7737357.109858805314
6465428.430784156546
7192069.562046937644
7519945.452584697865
6644653.995604693890
6376613.447402855381
6911680.958988899365
6473774.453069588169
6856308.071591419168
7582792.106426867656
8287763.697584672831
7709305.768235721625
7269383.930772861466
8084198.175356233492
7553396.161442575976
8769198.629554267973
8053850.710326723754
7512448.998697103001
6645570.649005820975
7184726.551636732183
7854682.632629369386
8497938.186007499695
8229103.977773336694
8670895.501553310081
8796403.141310660169
9583839.036454031244
10066359.811014695093
9326867.661018846557
9000901.662160489708
10120364.451950540766
8199841.417938548140
8476654.121065637097
9075069.568059436977
10384503.598627444357
11562546.420856857672
7323359.596308746375
7630992.315428060479
7857946.791053121909
9651078.709169298410
7452861.101879464462
9441368.165050620213
9346317.139686388895
11532207.885713079944
10998233.148207318038
12869938.956899570301
11081557.987759128213
10292034.921793723479
14160140.983067713678
14848190.855828367174
17195157.246680557728
11312244.865911899135
15704528.690923757851
13816389.219103707001
17798332.660862721503
19613741.888198014349
13024450.099689338356
14141270.436350226402
19200282.552937313914
17354899.521087717265
22692404.152121718973
23226557.254468664527
20836396.117388777435
24167908.748812142760
25228504.228967301548
13286281.151965582743
17066619.750266823918
20150201.792947150767
16691813.835262142122
19321200.097054913640
12961160.421276435256
23383423.956052739173
23082780.745703935623
29386239.338369924575
27352429.957801550627
22699104.131124250591
28099762.182562071830
32732608.142940204591
32584178.738284952939
35840038.486710757017
39668520.477996543050
31467693.050457417965
34983478.802417002618
44702960.739251717925
46868228.630738548934
