0.000000000000  0.000000000000  6371000.000000000000
1.000000000000  0.000000000000  6370999.999999920838
1.000000000000  1.000000000000  6370999.999999843538
0.000000000000  1.000000000000  6370999.999999920838
0.172532688200  0.079108009600  6370999.999999996275
0.000000000000  0.905945452700  6370999.999999934807
0.225869009200  0.000000000000  6370999.999999996275
1.000000000000  0.734496101600  6370999.999999878928
0.598308852900  1.000000000000  6370999.999999892898
0.190029311900  0.286397361900  6370999.999999990687
1.000000000000  0.764778371300  6370999.999999875203
0.695667272400  1.000000000000  6370999.999999884516
0.071786374600  0.204125221800  6370999.999999996275
0.761230378600  0.092950318800  6370999.999999954365
0.000000000000  0.951054001800  6370999.999999929219
1.000000000000  0.378590306700  6370999.999999909662
0.821609829500  0.000000000000  6370999.999999946915
0.000000000000  0.169150211200  6370999.999999996275
0.253421406300  0.069823866900  6370999.999999994412
0.393820191000  1.000000000000  6370999.999999908730
0.483125561700  1.000000000000  6370999.999999903142
0.067807478300  0.368735164900  6370999.999999988824
0.303182979800  0.000000000000  6370999.999999991618
0.590371365000  0.106569378800  6370999.999999972060
1.000000000000  0.638694035700  6370999.999999890104
0.263565228300  0.193498388900  6370999.999999990687
0.767251675900  0.000000000000  6370999.999999954365
0.000000000000  0.411949490200  6370999.999999986030
0.325709687100  0.065057916600  6370999.999999990687
0.453671089800  0.061409117200  6370999.999999983236
0.131849410400  0.319066514100  6370999.999999990687
0.466080095400  0.461230273800  6370999.999999966472
0.238215167800  0.323464245900  6370999.999999987893
0.371987771800  1.000000000000  6370999.999999909662
0.065876283300  0.440352614000  6370999.999999985099
0.858066362900  0.113325828700  6370999.999999940395
0.551193560200  0.261364285500  6370999.999999971129
0.304830464600  0.239422079400  6370999.999999988824
0.132503209100  0.384847005500  6370999.999999986030
0.198826416900  0.215536319700  6370999.999999993481
0.187399114100  0.353586703300  6370999.999999987893
0.741475674400  1.000000000000  6370999.999999878928
0.122565510600  0.807553774200  6370999.999999946915
0.000000000000  0.762455517200  6370999.999999955297
0.126860350000  0.438416726100  6370999.999999983236
0.188041836900  0.418194495900  6370999.999999983236
0.891406161900  0.039622967400  6370999.999999938533
1.000000000000  0.232781505200  6370999.999999918044
0.331745421900  0.432363033000  6370999.999999977648
0.350754318900  0.581426596000  6370999.999999962747
0.438910490500  0.673321681700  6370999.999999949709
0.420835047000  0.381217943400  6370999.999999973923
0.342545814400  0.278791509100  6370999.999999985099
0.618908555400  0.582010451800  6370999.999999944121
1.000000000000  0.811779016500  6370999.999999869615
0.000000000000  0.082074802400  6371000.000000000000
0.314991623800  1.000000000000  6370999.999999914318
0.095316602200  0.544081466400  6370999.999999976717
0.160157701600  0.473807138700  6370999.999999979511
0.868516081600  0.000000000000  6370999.999999940395
0.330018951700  0.180695751600  6370999.999999988824
0.290684538600  0.128385904500  6370999.999999990687
0.331045751600  0.332812665100  6370999.999999983236
1.000000000000  0.483646071700  6370999.999999903142
0.425999004100  0.323950360300  6370999.999999977648
0.664133588600  1.000000000000  6370999.999999886379
0.677062976200  0.644597733700  6370999.999999932945
0.447068220100  0.634108472800  6370999.999999952503
0.560664137400  0.544039546500  6370999.999999951571
0.751665005000  0.677166616600  6370999.999999919906
0.774287576200  0.808246133200  6370999.999999901280
0.915311460600  1.000000000000  6370999.999999856576
0.285183266200  0.408472722900  6370999.999999979511
0.374677695300  0.000000000000  6370999.999999988824
0.074655760200  0.920997133200  6370999.999999932945
0.035984698400  0.801585983300  6370999.999999949709
0.049384443600  0.507912623100  6370999.999999979511
0.166701810600  0.780689119800  6370999.999999949709
0.335458695100  1.000000000000  6370999.999999912456
0.446839439700  1.000000000000  6370999.999999905936
0.493308577000  0.889098975100  6370999.999999918975
0.529062785000  0.866039139000  6370999.999999918975
0.511822644600  0.000000000000  6370999.999999979511
0.480700838000  0.120329843200  6370999.999999979511
0.704975262500  0.093587549100  6370999.999999960884
0.400779129500  0.271490701500  6370999.999999980442
0.421184051900  0.121058591800  6370999.999999985099
0.452987410500  0.173315673100  6370999.999999980442
0.536469929100  0.308499200000  6370999.999999969266
1.000000000000  0.416313442700  6370999.999999907799
1.000000000000  0.308448716700  6370999.999999914318
0.622881556500  0.405993859100  6370999.999999956228
1.000000000000  0.549815150800  6370999.999999897555
0.583586613100  0.783905085900  6370999.999999926426
0.665134190900  0.617325656100  6370999.999999934807
0.581933194900  0.509537483900  6370999.999999952503
0.841635189000  0.622947349400  6370999.999999914318
0.883872877700  0.780726309700  6370999.999999891035
1.000000000000  0.888707258600  6370999.999999859370
0.145735074400  0.164524539400  6370999.999999996275
0.000000000000  0.261627182900  6370999.999999994412
0.249349120000  1.000000000000  6370999.999999917112
0.295055158800  0.514010890500  6370999.999999972992
0.333407883800  0.481754403600  6370999.999999972992
0.251368328000  0.496987672600  6370999.999999974854
0.181532945500  0.580039244300  6370999.999999972060
0.227892150800  0.588474346000  6370999.999999968335
0.326921938600  0.659338235300  6370999.999999957159
1.000000000000  0.206373880800  6370999.999999918044
0.675944971600  0.264628126000  6370999.999999958090
0.710379657300  0.179343566600  6370999.999999957159
0.729893047200  0.373910040400  6370999.999999946915
0.882206992000  0.284639440700  6370999.999999932945
0.784379452900  0.508570143000  6370999.999999932945
0.331025612200  0.382910627000  6370999.999999979511
0.420192237900  0.477646608500  6370999.999999968335
0.538614133300  0.505747443600  6370999.999999957159
0.542245525800  0.580024884900  6370999.999999950640
0.549873735700  0.649148535300  6370999.999999944121
0.576820175600  0.734572251300  6370999.999999932945
0.703985916600  0.800371790100  6370999.999999909662
0.713500277600  0.783841344300  6370999.999999912456
0.653587390300  0.585217617000  6370999.999999939464
0.600648989900  0.546843134900  6370999.999999948777
0.986367104800  0.757094577400  6370999.999999878928
0.848049729800  0.746778422800  6370999.999999900348
0.852684112100  0.815612354000  6370999.999999891035
0.881504995000  1.000000000000  6370999.999999861233
0.684591807300  0.672473636800  6370999.999999927357
0.856177051500  1.000000000000  6370999.999999864027
0.938785172700  1.000000000000  6370999.999999852851
0.392487771400  0.062288094200  6370999.999999987893
0.102371329600  0.661683003400  6370999.999999965541
0.223007078000  1.000000000000  6370999.999999918044
0.208224033800  0.974082181900  6370999.999999920838
0.202203126800  0.680055249300  6370999.999999960884
0.251588306300  0.682729567300  6370999.999999958090
0.288605455200  0.461282246300  6370999.999999977648
0.260417929200  0.549649965000  6370999.999999971129
0.377234397300  0.454443889300  6370999.999999972992
0.462879696900  0.590395108800  6370999.999999955297
0.296396395200  0.690471027100  6370999.999999955297
0.455763585300  0.891181816700  6370999.999999919906
0.466922535300  0.734435062100  6370999.999999940395
0.537295924600  0.115885849500  6370999.999999976717
0.523938912300  0.218285801400  6370999.999999973923
0.597945879700  0.247649218700  6370999.999999967404
0.619888435200  0.321470930400  6370999.999999960884
0.475726307000  0.221317872700  6370999.999999978580
0.460139686300  0.358267075400  6370999.999999973923
0.542807765300  0.358050379800  6370999.999999967404
0.654915570300  0.345811536900  6370999.999999957159
0.493962817400  0.502833797500  6370999.999999960884
0.665301077100  0.420537652700  6370999.999999951571
0.816771778000  0.093175705800  6370999.999999946915
1.000000000000  0.177901315800  6370999.999999918975
0.738737714900  0.217254329500  6370999.999999954365
0.802240505000  0.250601042700  6370999.999999944121
0.762064270100  0.357623127600  6370999.999999944121
0.840407797900  0.438846812100  6370999.999999929219
0.759140251400  0.553028111200  6370999.999999932013
0.671345761500  0.715275905200  6370999.999999924563
0.713840924800  0.705181446300  6370999.999999919906
0.606708013400  0.780109743500  6370999.999999923632
0.763476763900  0.954391352200  6370999.999999883585
0.763531851200  0.792288691500  6370999.999999904074
0.817903797800  0.653240958400  6370999.999999914318
0.863369757800  0.738281146600  6370999.999999897555
0.737794871600  0.588677734500  6370999.999999930151
1.000000000000  0.779706171200  6370999.999999873340
1.000000000000  0.720086665900  6370999.999999880791
0.818088356900  0.765723045600  6370999.999999901280
0.850641720100  0.890302596900  6370999.999999880791
0.779315682200  0.907900462400  6370999.999999887310
0.803955472000  0.824502821100  6370999.999999895692
0.930330225700  0.888241235700  6370999.999999869615
1.000000000000  0.862151387000  6370999.999999863096
1.000000000000  0.961006372800  6370999.999999849126
0.895656921200  0.794142640900  6370999.999999887310
0.142539210600  0.000000000000  6370999.999999997206
0.378023966800  0.313797890400  6370999.999999980442
0.378677848400  0.359511602800  6370999.999999978580
0.377476498000  0.407836154600  6370999.999999974854
0.046653061700  0.640205902300  6370999.999999968335
0.072401369100  0.962688122900  6370999.999999927357
0.211186172700  0.534643043100  6370999.999999973923
0.103052166800  0.718459421900  6370999.999999958090
0.284354724600  0.646752304900  6370999.999999960884
0.294872988100  1.000000000000  6370999.999999914318
0.236934603400  0.789794917100  6370999.999999945983
0.425038327900  0.602634592600  6370999.999999957159
0.408659149400  0.729359894800  6370999.999999945052
0.369627679300  0.800057772400  6370999.999999938533
0.309108025300  0.731475081000  6370999.999999950640
0.557126627100  0.950656130500  6370999.999999904074
0.511876455600  0.802058571600  6370999.999999929219
0.488657764700  0.812947568600  6370999.999999929219
0.615539347100  0.839020645400  6370999.999999914318
0.665831756100  0.903755948900  6370999.999999901280
0.663426218400  0.797296827800  6370999.999999914318
0.507957074500  0.063708792500  6370999.999999979511
0.568507607500  0.213467735400  6370999.999999972060
0.732270134700  0.136005254600  6370999.999999956228
0.691806867800  0.221727115100  6370999.999999958090
0.497067032100  0.383860964700  6370999.999999968335
0.548333154800  0.434331253500  6370999.999999960884
0.674605029600  0.456483930900  6370999.999999948777
0.579215777800  0.390495403200  6370999.999999960884
0.932918986500  0.038942825300  6370999.999999932945
0.782745241200  0.136221231700  6370999.999999949709
0.803568099600  0.180241872400  6370999.999999945983
1.000000000000  0.281684185300  6370999.999999914318
0.818884711100  0.282071865300  6370999.999999940395
1.000000000000  0.357713678200  6370999.999999911524
1.000000000000  0.593627153900  6370999.999999892898
0.965960286600  0.521309727400  6370999.999999905936
0.822054045600  0.632221681400  6370999.999999914318
0.971732363600  0.682095304500  6370999.999999890104
0.618364152400  0.647796964600  6370999.999999938533
0.774827591200  0.712358691900  6370999.999999913387
0.732846233700  0.690879242300  6370999.999999919906
0.757252883900  0.759002122900  6370999.999999908730
0.740921632300  0.842299440100  6370999.999999901280
0.703431955400  0.986533657400  6370999.999999884516
0.711070975900  1.000000000000  6370999.999999880791
0.779800343400  0.841214278800  6370999.999999897555
0.719015371900  0.727747622500  6370999.999999918044
0.711239319200  0.973232427100  6370999.999999885447
0.876040617200  0.839096365200  6370999.999999884516
0.823839803100  0.886902468700  6370999.999999884516
0.862840579700  0.722646064200  6370999.999999901280
0.801208095900  0.621686034800  6370999.999999918975
0.801897126600  0.792782650300  6370999.999999900348
0.955390820800  0.756445211900  6370999.999999884516
0.934791050300  0.780096121700  6370999.999999884516
0.974088073500  0.793955710400  6370999.999999875203
0.963823230700  0.810860323100  6370999.999999875203
0.849723587600  0.764260022600  6370999.999999897555
0.875385071000  0.813606454200  6370999.999999887310
0.877435846100  0.895968851300  6370999.999999876134
0.967665528800  0.833663525300  6370999.999999872409
1.000000000000  0.941959845000  6370999.999999851920
0.937336252800  0.924199331500  6370999.999999864027
0.948790475400  1.000000000000  6370999.999999850057
0.891010097300  0.891538943300  6370999.999999875203
0.000000000000  0.547074937700  6370999.999999976717
0.206110182000  0.479966897500  6370999.999999978580
0.072196406800  0.829695500700  6370999.999999945983
0.092480104600  0.606848953600  6370999.999999971129
0.156390463000  0.526342479000  6370999.999999976717
0.150849529200  0.684515301700  6370999.999999960884
0.136092545800  1.000000000000  6370999.999999919906
0.234476931900  0.926721683400  6370999.999999928288
0.273699554700  0.951703879400  6370999.999999923632
0.148069068100  0.912757739200  6370999.999999932945
0.358896259100  0.871349282100  6370999.999999930151
0.312425302200  0.883251746700  6370999.999999932013
0.369277688400  0.953150701800  6370999.999999918044
0.385679495200  0.867750192500  6370999.999999929219
0.465016582500  0.767590189600  6370999.999999937601
0.476326171600  0.662357854100  6370999.999999948777
0.438865950800  0.748594086800  6370999.999999940395
0.513227085600  0.653946734900  6370999.999999945983
0.571182341200  0.678709741400  6370999.999999938533
0.588782766400  0.705938249800  6370999.999999933876
0.541669376700  0.767654834400  6370999.999999932013
0.674404041500  0.778971731200  6370999.999999917112
0.617209219000  0.704458439700  6370999.999999932013
0.663363195100  0.690436337200  6370999.999999928288
0.465202443800  0.797697743300  6370999.999999932945
0.411118404100  0.873528517800  6370999.999999927357
0.465032988600  1.000000000000  6370999.999999904074
0.567764515200  1.000000000000  6370999.999999896623
0.499463163000  0.911883582400  6370999.999999914318
0.552767505700  0.908278775800  6370999.999999911524
0.593660327100  0.831034551900  6370999.999999918044
0.639574074500  0.863387186700  6370999.999999908730
0.602225658800  0.943497320700  6370999.999999901280
0.689988018200  0.865565075800  6370999.999999903142
0.636916553000  0.912852448500  6370999.999999903142
0.611361622200  0.196109929700  6370999.999999968335
0.679279093900  0.139979203700  6370999.999999961816
0.643942902800  0.232227224500  6370999.999999962747
0.721422752200  0.256870955000  6370999.999999954365
0.628999109800  0.277759453900  6370999.999999962747
0.762933064300  0.253689621600  6370999.999999949709
0.583766483900  0.294618477400  6370999.999999966472
0.646706111300  0.482377049200  6370999.999999949709
0.637423873300  0.550651951600  6370999.999999944121
0.579414781500  0.340018831700  6370999.999999963678
0.698084405000  0.398382494200  6370999.999999949709
0.703793425300  0.433655857100  6370999.999999945983
0.720781129200  0.498025534100  6370999.999999939464
0.711821323700  0.581410659200  6370999.999999933876
0.954998011200  0.307775579500  6370999.999999919906
1.000000000000  0.112295921400  6370999.999999919906
0.980583836400  0.346479503800  6370999.999999914318
0.763499753300  0.425671829100  6370999.999999940395
0.815764068200  0.397193461200  6370999.999999934807
0.707491237800  0.296071117000  6370999.999999954365
0.886181070400  0.395201494700  6370999.999999927357
0.924706213200  0.437854956400  6370999.999999918044
0.796295332800  0.532794362600  6370999.999999928288
0.822368654200  0.537289591300  6370999.999999923632
0.831174219600  0.499328570100  6370999.999999927357
0.901642920500  0.352411593000  6370999.999999927357
1.000000000000  0.397871304100  6370999.999999908730
0.982601539600  0.511840254500  6370999.999999903142
0.956350144300  0.628932627700  6370999.999999897555
0.900412707200  0.541372847400  6370999.999999913387
0.861844587900  0.671810779700  6370999.999999906868
0.960679065500  0.743935427200  6370999.999999884516
0.716088992900  0.609192067400  6370999.999999930151
0.712114840300  0.764813924300  6370999.999999914318
0.728999934500  0.666154207000  6370999.999999923632
0.846599216900  0.729137169200  6370999.999999902211
0.772880526000  0.691398605700  6370999.999999914318
0.735676066200  0.813175556600  6370999.999999905936
0.724191071200  0.897617356000  6370999.999999895692
0.767946864800  0.825312826900  6370999.999999900348
0.726048428500  0.948023305700  6370999.999999887310
0.787421422200  1.000000000000  6370999.999999873340
0.781679561800  0.861311832200  6370999.999999892898
0.839818421100  0.863878718400  6370999.999999885447
0.801178217900  0.955137789100  6370999.999999878928
0.838263948700  0.954120955900  6370999.999999873340
0.827824146700  0.702561735000  6370999.999999907799
0.811193289000  0.711441346600  6370999.999999908730
0.972819725300  0.750585086900  6370999.999999880791
0.928634496900  0.793530447200  6370999.999999883585
1.000000000000  0.749801551200  6370999.999999877997
0.986742378300  0.741820641000  6370999.999999879859
0.871286920700  0.854744467300  6370999.999999883585
0.908345804000  0.834786347600  6370999.999999880791
0.892773103200  0.837026709200  6370999.999999881722
0.909030585500  0.964522466700  6370999.999999862164
0.887751511800  0.934695081700  6370999.999999869615
0.952867835000  0.908543762400  6370999.999999864027
0.926679467000  0.859629915100  6370999.999999874271
0.922445751600  0.941009919700  6370999.999999864027
0.968573960500  1.000000000000  6370999.999999847263
0.772071541900  0.670797081200  6370999.999999918044
0.246725294500  0.259573930800  6370999.999999989755
0.000000000000  0.471867344800  6370999.999999983236
0.047197325300  0.742794441700  6370999.999999956228
0.000000000000  0.618508710400  6370999.999999969266
0.241523565600  0.439217043200  6370999.999999979511
0.615657711800  0.052974792900  6370999.999999969266
0.412587360600  0.523676658400  6370999.999999965541
0.501925491400  0.582681702600  6370999.999999954365
0.564514248300  0.614866909400  6370999.999999945052
0.144182865600  0.629311802100  6370999.999999967404
0.032359821600  0.867655996700  6370999.999999940395
0.175340027900  0.727074402900  6370999.999999955297
0.191224734900  0.632554253900  6370999.999999966472
0.000000000000  0.836873107500  6370999.999999945052
0.358032663500  0.631828126200  6370999.999999958090
0.369579556300  0.671976957000  6370999.999999954365
0.405435003200  0.689795553200  6370999.999999949709
0.224391463800  0.720766890000  6370999.999999955297
0.269985928200  0.723889957200  6370999.999999952503
0.346964523000  0.738037069100  6370999.999999948777
0.439160745000  0.782448921000  6370999.999999937601
0.357288984500  0.771005242800  6370999.999999944121
0.108252160800  0.857951815400  6370999.999999941327
0.102362223300  0.939449445800  6370999.999999929219
0.319057975600  0.909531826300  6370999.999999927357
0.285092175900  0.766111343400  6370999.999999946915
0.337668314000  0.797106698000  6370999.999999940395
0.373333533500  0.844770638100  6370999.999999932945
0.390848573700  0.820072272300  6370999.999999934807
0.355084515200  1.000000000000  6370999.999999912456
0.340253039500  0.916600086700  6370999.999999924563
0.381608295300  0.984764214400  6370999.999999912456
0.408165656300  0.964181577500  6370999.999999914318
0.434718348000  0.943003915400  6370999.999999914318
0.401360659300  0.913234239000  6370999.999999920838
0.374091317500  0.889308990800  6370999.999999927357
0.520506076200  0.746316575900  6370999.999999934807
0.515372150200  0.775101587800  6370999.999999932945
0.489694460900  0.785195970700  6370999.999999932945
0.555204111700  0.811907978200  6370999.999999923632
0.509485150800  0.827559447400  6370999.999999927357
0.490319327100  0.864284402400  6370999.999999922700
0.679609829100  0.739273066500  6370999.999999919906
0.617038955900  0.755494185900  6370999.999999926426
0.597939231000  0.804143144400  6370999.999999919906
0.695003494500  0.816389427600  6370999.999999908730
0.683473944400  0.799803553400  6370999.999999913387
0.446485520900  0.839948051000  6370999.999999929219
0.469527487500  0.851858210900  6370999.999999927357
0.526194050200  0.885204618300  6370999.999999917112
0.510968890300  0.932060042300  6370999.999999911524
0.566733726200  0.966097482000  6370999.999999901280
0.578173710500  0.930238483400  6370999.999999905936
0.498305186200  0.966491212800  6370999.999999906868
0.480927500800  0.967031705400  6370999.999999908730
0.460280456600  0.914921000100  6370999.999999918044
0.542789218700  0.983833855700  6370999.999999901280
0.535075164400  1.000000000000  6370999.999999898486
0.614497525000  0.893578681200  6370999.999999907799
0.610437216200  0.926738792400  6370999.999999903142
0.602016464400  0.854150966500  6370999.999999914318
0.675413019200  0.930991134300  6370999.999999896623
0.618401234500  0.941751984900  6370999.999999901280
0.631011139000  1.000000000000  6370999.999999890104
0.641556007000  0.958246632900  6370999.999999895692
0.680110010100  1.000000000000  6370999.999999884516
0.614134565400  1.000000000000  6370999.999999891967
0.680483680000  0.972750789500  6370999.999999890104
0.705584667200  0.873010962400  6370999.999999901280
0.758739289900  0.177212197300  6370999.999999951571
0.784036974300  0.285532740000  6370999.999999945052
0.731861146700  0.334081644400  6370999.999999949709
0.746526759800  0.292966438300  6370999.999999949709
0.796603669000  0.466521928100  6370999.999999932945
0.813003276200  0.514931539100  6370999.999999927357
0.744372091400  0.476868026700  6370999.999999938533
0.781943183600  0.554889589500  6370999.999999927357
0.771482424300  0.529898601700  6370999.999999932013
0.789625045000  0.409807631300  6370999.999999938533
0.940522409300  0.140239070200  6370999.999999929219
0.842930010600  0.175422752400  6370999.999999941327
0.824786301500  0.217240060000  6370999.999999944121
0.970358824300  0.122133416500  6370999.999999924563
0.824779082700  0.338195126900  6370999.999999938533
0.846323738200  0.360755881900  6370999.999999933876
0.951765613900  0.257732337300  6370999.999999923632
0.942543799300  0.364744533400  6370999.999999919906
0.960474698800  0.000000000000  6370999.999999927357
0.892662919600  0.373452136100  6370999.999999927357
0.881084060900  0.535421379400  6370999.999999917112
0.930306451900  0.503744526200  6370999.999999912456
0.805956464300  0.553884445800  6370999.999999924563
0.892258640100  0.606680217800  6370999.999999908730
0.904181283100  0.651781155100  6370999.999999903142
0.863234851400  0.622571429300  6370999.999999911524
0.954085417300  0.564069946400  6370999.999999903142
0.944309563300  0.427162435000  6370999.999999914318
0.961586882100  0.396264514200  6370999.999999914318
1.000000000000  0.535416694600  6370999.999999898486
0.959264338300  0.643796849600  6370999.999999895692
1.000000000000  0.564713679900  6370999.999999896623
0.919742214200  0.593770170700  6370999.999999906868
1.000000000000  0.623083124200  6370999.999999891035
0.879364981400  0.667647692600  6370999.999999903142
0.705249934000  0.654748325400  6370999.999999927357
0.709309012400  0.681483562400  6370999.999999923632
0.836309165800  0.807752950100  6370999.999999894761
0.879163229600  0.763901463900  6370999.999999892898
0.866079801400  0.772704519600  6370999.999999894761
0.734077960000  0.875046824200  6370999.999999897555
0.798156653500  0.868927073400  6370999.999999891035
0.830946487500  0.836894435000  6370999.999999891035
0.823363193000  0.903565093100  6370999.999999883585
0.813157779600  1.000000000000  6370999.999999869615
0.880011600800  0.975645706700  6370999.999999864027
0.896781749200  0.963863355900  6370999.999999864027
0.878145055500  0.744771345300  6370999.999999895692
0.928194318000  0.766132549500  6370999.999999886379
0.912396502000  0.793803895600  6370999.999999884516
0.948643224000  0.780349360900  6370999.999999880791
0.905630645100  0.752679500300  6370999.999999891967
0.905470534800  0.807555102900  6370999.999999884516
0.932126355100  0.846745697800  6370999.999999875203
0.971916968000  0.764006000100  6370999.999999879859
1.000000000000  0.794889313600  6370999.999999872409
0.973595879800  0.778784479600  6370999.999999878928
1.000000000000  0.844188590800  6370999.999999864958
0.916945500000  0.895816585000  6370999.999999870546
0.919825006100  0.965988960600  6370999.999999861233
0.911186344100  0.945339519100  6370999.999999864027
0.901592940200  0.913967041600  6370999.999999870546
0.967863249400  0.858137960300  6370999.999999868684
1.000000000000  0.915562592400  6370999.999999856576
0.977059165300  0.922743551000  6370999.999999858439
0.953790288100  0.988542069900  6370999.999999851920
0.970267454300  0.941640746300  6370999.999999856576
0.964582652500  0.982996534900  6370999.999999850057
1.000000000000  0.979148550100  6370999.999999846332
0.087488812500  0.104591896500  6370999.999999997206
0.283902004300  0.355937040800  6370999.999999984168
0.289825430600  0.298685461000  6370999.999999985099
0.236173958500  0.383306204900  6370999.999999984168
0.335839277100  0.530554686100  6370999.999999968335
0.317913100700  0.613148463900  6370999.999999962747
0.404780249100  0.646326521700  6370999.999999955297
0.443532495000  0.000000000000  6370999.999999985099
0.450341007400  0.269241141800  6370999.999999978580
0.475959603700  0.309591829200  6370999.999999973923
0.421696328800  0.432496387100  6370999.999999972060
0.640983230400  0.000000000000  6370999.999999968335
0.477891623100  0.546048321400  6370999.999999958090
0.438016950300  0.712267418500  6370999.999999945052
0.527904587100  0.715499720900  6370999.999999938533
0.581920045100  0.580759775400  6370999.999999946915
0.606121283800  0.475348514300  6370999.999999954365
0.585291332700  0.647212843100  6370999.999999940395
0.633884317800  0.613869315600  6370999.999999938533
0.603330457600  0.676976853700  6370999.999999934807
0.689644877400  0.697594000500  6370999.999999924563
0.644204058200  0.707718347200  6370999.999999928288
0.132341141100  0.753211017300  6370999.999999955297
0.202963858500  0.843971642900  6370999.999999940395
0.337473042400  0.700158765900  6370999.999999951571
0.374980358900  0.712903867800  6370999.999999949709
0.311453384200  0.852696820400  6370999.999999934807
0.356709708200  0.823020421700  6370999.999999937601
0.207919801600  0.883626733400  6370999.999999934807
0.167859465400  0.939238885000  6370999.999999928288
0.177830505800  0.867712649300  6370999.999999938533
0.311670734300  0.932396836300  6370999.999999923632
0.057386949700  1.000000000000  6370999.999999919906
0.194080207200  1.000000000000  6370999.999999918044
0.294839669900  0.902591044100  6370999.999999929219
0.339375050000  0.891738542600  6370999.999999928288
0.334474031100  0.937319049700  6370999.999999922700
0.347490696100  0.956238794600  6370999.999999918975
0.364024528500  0.975782176600  6370999.999999914318
0.550112191600  0.833537108700  6370999.999999920838
0.603506951800  0.731288704800  6370999.999999929219
0.629525530900  0.731299123200  6370999.999999927357
0.611585964200  0.819953886800  6370999.999999918044
0.571675666400  0.872430137700  6370999.999999914318
0.658105354900  0.869545583300  6370999.999999906868
0.652364673900  0.813938172000  6370999.999999914318
0.621108673200  0.858948900400  6370999.999999912456
0.586989708100  0.911235764400  6370999.999999907799
0.598155750100  0.965894860800  6370999.999999897555
0.597306538400  0.892392966800  6370999.999999908730
0.710071142600  0.905898232200  6370999.999999896623
0.648943381800  0.899252303700  6370999.999999903142
0.652954597700  0.915463788300  6370999.999999901280
0.675713404400  0.876466525500  6370999.999999903142
0.657597782700  0.958714872600  6370999.999999894761
0.622756254200  0.985923052700  6370999.999999892898
0.631956681900  0.972157303000  6370999.999999894761
0.648501810700  0.972456308600  6370999.999999891967
0.702196398800  0.744028295000  6370999.999999918044
0.818346643000  0.368132842200  6370999.999999937601
0.769652020200  0.321836849700  6370999.999999945052
0.804001629000  0.313673336600  6370999.999999941327
0.835783254700  0.309047143200  6370999.999999938533
0.693291023100  0.520558885200  6370999.999999940395
0.723385920600  0.527293035000  6370999.999999938533
0.733817922700  0.560129646600  6370999.999999932945
0.670177865200  0.548172821900  6370999.999999940395
0.777496545100  0.593053024900  6370999.999999924563
0.738118403800  0.616948026300  6370999.999999927357
0.752908442900  0.505567963500  6370999.999999934807
0.774176675300  0.484112704800  6370999.999999934807
0.804147410100  0.491138344000  6370999.999999930151
0.824070157600  0.475975804900  6370999.999999929219
0.816735180200  0.592566510400  6370999.999999919906
0.792442438600  0.659708930300  6370999.999999917112
0.836866358700  0.644165176100  6370999.999999912456
0.810925074800  0.671326006700  6370999.999999913387
0.832252852400  0.664839767700  6370999.999999911524
0.820313281900  0.613122725400  6370999.999999918044
0.830592556200  0.558415755600  6370999.999999919906
0.826280797800  0.140471916400  6370999.999999945052
0.911200910500  0.155536479800  6370999.999999932945
1.000000000000  0.059371705300  6370999.999999919906
0.782716588800  0.216590836500  6370999.999999948777
0.891602879200  0.210885741900  6370999.999999933876
0.920620416100  0.219909256000  6370999.999999929219
0.872323299700  0.259641934500  6370999.999999934807
0.863060211600  0.403615277200  6370999.999999929219
1.000000000000  0.146909539700  6370999.999999919906
0.873322821600  0.493696221600  6370999.999999919906
0.838639095000  0.521865829100  6370999.999999923632
0.861933101700  0.427358491400  6370999.999999927357
0.867728991700  0.473060145900  6370999.999999923632
0.913213508900  0.511980155000  6370999.999999914318
0.934355227400  0.538715979900  6370999.999999908730
0.866271298200  0.550146784300  6370999.999999918044
0.855068611800  0.639024842600  6370999.999999909662
0.882831236600  0.622092554700  6370999.999999908730
0.869838048100  0.709286664400  6370999.999999901280
0.912233968700  0.637051639000  6370999.999999903142
0.906486767000  0.681612027800  6370999.999999898486
0.940470267300  0.681159249500  6370999.999999894761
0.872984689600  0.569784350700  6370999.999999914318
0.943786540400  0.727098027200  6370999.999999889173
0.950194640100  0.479280107000  6370999.999999911524
0.985027662100  0.557119438300  6370999.999999898486
1.000000000000  0.450649860400  6370999.999999905936
0.983257875500  0.542758586700  6370999.999999901280
0.984772294200  0.600070635400  6370999.999999895692
0.984070409200  0.571018127900  6370999.999999897555
0.971005308600  0.621906912900  6370999.999999895692
1.000000000000  0.684074961200  6370999.999999884516
0.985700385300  0.676835086900  6370999.999999887310
0.984769295300  0.709093767800  6370999.999999884516
0.971870932200  0.721888347600  6370999.999999884516
0.696130868700  0.721406554100  6370999.999999919906
0.736612446000  0.714857651800  6370999.999999918044
0.743611470800  0.795240926900  6370999.999999906868
0.727462110600  0.829790899900  6370999.999999903142
0.747976458300  0.826352095400  6370999.999999903142
0.782823606900  0.790994806800  6370999.999999903142
0.737079940200  0.760750278200  6370999.999999912456
0.785944909000  0.824665275500  6370999.999999897555
0.755580789000  0.809933887300  6370999.999999903142
0.794640179400  0.721397705800  6370999.999999908730
0.778959860600  0.754650123000  6370999.999999907799
0.791745883800  0.808142358900  6370999.999999898486
0.797821217700  0.839187566200  6370999.999999895692
0.721908817200  0.846542918400  6370999.999999903142
0.771116063500  0.883691595800  6370999.999999891967
0.749126566600  0.872109705900  6370999.999999896623
0.721743458500  0.932521001000  6370999.999999891035
0.755491933800  0.885957661700  6370999.999999892898
0.789250517000  0.917484876900  6370999.999999884516
0.810048342000  0.912017480400  6370999.999999883585
0.759610429000  0.839805204600  6370999.999999898486
0.748245948400  0.932583885700  6370999.999999887310
0.726266999800  1.000000000000  6370999.999999879859
0.749358311000  0.987849043200  6370999.999999878928
0.764499340800  0.912992176300  6370999.999999889173
0.779352938600  0.974484841300  6370999.999999878928
0.792808153300  0.983128446700  6370999.999999875203
0.794587952200  0.853224749900  6370999.999999892898
0.796555582100  0.903835700100  6370999.999999885447
0.811254197100  0.877058944700  6370999.999999887310
0.810886894000  0.857463637900  6370999.999999891035
0.864967595600  0.885399989600  6370999.999999879859
0.825233437700  0.935025278200  6370999.999999878928
0.800306557900  0.939383067700  6370999.999999880791
0.829624660200  0.976056160300  6370999.999999870546
0.814336837100  0.959796143500  6370999.999999875203
0.857729496600  0.963955564500  6370999.999999869615
0.837246134100  0.926696590900  6370999.999999877997
0.877619543900  0.951298340300  6370999.999999868684
0.869209397000  1.000000000000  6370999.999999862164
0.863380487500  0.914810718400  6370999.999999875203
0.879218095800  0.881108612200  6370999.999999878928
0.899211844400  0.725030140700  6370999.999999895692
0.880611041800  0.697431647800  6370999.999999901280
0.943904081500  0.766534681300  6370999.999999884516
0.959446776800  0.770617203100  6370999.999999880791
0.929512832100  0.820308990400  6370999.999999878928
0.961104380400  0.785464076500  6370999.999999878928
0.917624795500  0.847034941800  6370999.999999877997
0.950046456000  0.808512796300  6370999.999999878928
0.986293160600  0.725517311400  6370999.999999881722
0.986390142000  0.771780293700  6370999.999999876134
0.988382711600  0.802163290900  6370999.999999873340
0.952437524000  0.834494808700  6370999.999999874271
0.988083994300  0.817889368500  6370999.999999870546
0.986875487700  0.786988314000  6370999.999999875203
0.988398363100  0.841183695400  6370999.999999867752
0.946120278200  0.846912797100  6370999.999999873340
0.907338514800  0.873386852400  6370999.999999875203
0.888531341100  0.919975310700  6370999.999999872409
0.915270309600  0.908508303900  6370999.999999869615
0.941427085400  0.898514023200  6370999.999999867752
0.949349735100  0.919917460300  6370999.999999863096
0.911734236500  0.933271654800  6370999.999999867752
0.948067799400  0.871723699400  6370999.999999869615
0.968449686300  0.880278555600  6370999.999999864958
0.899986180000  0.927331279600  6370999.999999868684
0.925625783200  0.981700038900  6370999.999999857508
0.909707811300  0.988178328100  6370999.999999858439
0.899601131800  0.940503225500  6370999.999999867752
0.930511163400  0.960304155800  6370999.999999859370
0.936614342800  0.980108813000  6370999.999999856576
0.988093294300  0.880590185100  6370999.999999862164
1.000000000000  0.901906442200  6370999.999999857508
0.976619371000  0.911678871400  6370999.999999859370
1.000000000000  0.928723376300  6370999.999999853782
0.940904388100  0.944924092600  6370999.999999861233
0.988702414300  0.867753770800  6370999.999999864027
0.988677872200  0.928194323600  6370999.999999856576
0.990417530400  0.949830203400  6370999.999999852851
0.948739451500  0.967427390900  6370999.999999856576
0.957666678400  1.000000000000  6370999.999999849126
0.966836375900  0.972701307900  6370999.999999852851
0.982534400300  0.977555281200  6370999.999999849126
0.985201518200  1.000000000000  6370999.999999844469
0.070392858700  0.000000000000  6371000.000000000000
0.219716588700  0.141285235600  6370999.999999994412
0.357959045900  0.122437725300  6370999.999999988824
0.047155197200  0.576000449400  6370999.999999973923
0.000000000000  0.692521452900  6370999.999999961816
0.238552964400  0.638075876000  6370999.999999962747
0.273448301600  0.600122990000  6370999.999999966472
0.306429284500  0.565452390300  6370999.999999968335
0.375923347300  0.499063383500  6370999.999999968335
0.373099690700  0.542925878700  6370999.999999966472
0.386275119600  0.607840491000  6370999.999999959953
0.486752310300  0.623191238600  6370999.999999950640
0.392735589400  0.174136823400  6370999.999999985099
0.510679954500  0.169966697500  6370999.999999977648
0.502959205400  0.268624171700  6370999.999999973923
0.459951362100  0.410437919300  6370999.999999969266
0.516578000100  0.467378949800  6370999.999999961816
0.590993472600  0.434489214700  6370999.999999957159
0.563647198700  0.471587555200  6370999.999999957159
0.567363032400  0.162741261400  6370999.999999972992
0.559501464000  0.055532980400  6370999.999999973923
0.623445623000  0.147582108800  6370999.999999968335
0.705958606200  0.000000000000  6370999.999999960884
0.660088315900  0.185288120900  6370999.999999962747
0.733884872400  0.047225965500  6370999.999999957159
0.633877123500  0.445365474300  6370999.999999952503
0.658491652200  0.383274929200  6370999.999999955297
0.711649476100  0.467389784600  6370999.999999944121
0.685283776100  0.489760231800  6370999.999999944121
0.621763722300  0.513899067400  6370999.999999949709
0.525973766300  0.617092206700  6370999.999999949709
0.518709622500  0.542713098400  6370999.999999955297
0.601129933200  0.615291927700  6370999.999999941327
0.503666672300  0.689768521300  6370999.999999944121
0.469836615500  0.699154582000  6370999.999999944121
0.558815352000  0.709641598900  6370999.999999935739
0.496846528300  0.723589944400  6370999.999999939464
0.537662023400  0.682870828400  6370999.999999940395
0.548972604900  0.739486208900  6370999.999999932945
0.492231451100  0.755525417100  6370999.999999935739
0.633604663100  0.677977039000  6370999.999999932945
0.657941647700  0.516404111000  6370999.999999945052
0.687883306100  0.602354859800  6370999.999999934807
0.698634967800  0.628468764900  6370999.999999932013
0.646202086000  0.642101811400  6370999.999999934807
0.567464692500  0.762148887600  6370999.999999929219
0.084565545800  0.777060333700  6370999.999999951571
0.205867873900  0.761092989200  6370999.999999951571
0.249167055600  0.757009476300  6370999.999999949709
0.304455336100  0.798098102300  6370999.999999944121
0.037842233600  0.924852342100  6370999.999999932945
0.170595787800  0.822760588300  6370999.999999944121
0.145231472600  0.881977124400  6370999.999999938533
0.236317331900  0.826892924200  6370999.999999941327
0.292450872300  0.830734201500  6370999.999999938533
0.287285600000  0.869841506300  6370999.999999933876
0.413029418200  0.765107376000  6370999.999999940395
0.414195603900  0.799882379300  6370999.999999935739
0.420467417500  0.828692835300  6370999.999999932945
0.442176767400  0.812263656400  6370999.999999932945
0.467047447100  0.825704388200  6370999.999999929219
0.427715287200  0.855806330900  6370999.999999928288
0.451304597300  0.866283105200  6370999.999999926426
0.472944340100  0.876655038500  6370999.999999920838
0.358519761300  0.904662876800  6370999.999999926426
0.096203133400  1.000000000000  6370999.999999919906
0.112509588200  0.902206142200  6370999.999999934807
0.134666637900  0.941043140900  6370999.999999929219
0.238271485200  0.898315264900  6370999.999999932945
0.179941296200  0.905637185400  6370999.999999932945
0.167990631000  1.000000000000  6370999.999999918975
0.298239292300  0.953146222200  6370999.999999920838
0.260108493600  0.976211310500  6370999.999999919906
0.325368445700  0.979558470900  6370999.999999915250
0.234846760900  0.975798991200  6370999.999999919906
0.358346526200  0.931786665900  6370999.999999920838
0.344688881600  0.978201080300  6370999.999999914318
0.379127197200  0.913084601500  6370999.999999923632
0.439076433800  0.904874248500  6370999.999999919906
0.434053906400  0.881441363500  6370999.999999923632
0.476147677300  0.898834336100  6370999.999999918975
0.415924872200  0.945325464100  6370999.999999915250
0.442237551800  0.924441620700  6370999.999999918044
0.380940086700  0.933829118800  6370999.999999919906
0.481151457000  0.916690538400  6370999.999999915250
0.493092287800  0.931924086100  6370999.999999912456
0.467318565800  0.952070611700  6370999.999999912456
0.412496510100  1.000000000000  6370999.999999908730
0.438738441200  0.979633214200  6370999.999999908730
0.455111442100  0.983561493300  6370999.999999907799
0.462900593900  0.968810455300  6370999.999999908730
0.491443668000  0.983425556600  6370999.999999904074
0.518014317500  1.000000000000  6370999.999999901280
0.512443428600  0.897781731600  6370999.999999915250
0.536179798300  0.793768410100  6370999.999999928288
0.531849999000  0.818173960900  6370999.999999926426
0.560687496200  0.788376253200  6370999.999999927357
0.592438099400  0.757953432500  6370999.999999927357
0.572066740000  0.831743171300  6370999.999999919906
0.577951806700  0.809856230600  6370999.999999922700
0.635201677600  0.843263140100  6370999.999999912456
0.509661459500  0.852725392900  6370999.999999922700
0.489317762300  0.839466410600  6370999.999999927357
0.527945124600  0.841370435100  6370999.999999922700
0.508970260800  0.875211769300  6370999.999999919906
0.551313198900  0.871995344400  6370999.999999915250
0.590298909500  0.872885716700  6370999.999999912456
0.583354463400  0.851950458300  6370999.999999915250
0.608428418400  0.874752681400  6370999.999999911524
0.562493241100  0.891257610100  6370999.999999912456
0.626398010300  0.878043232000  6370999.999999908730
0.629737870100  0.777495400000  6370999.999999919906
0.670270476000  0.839025938000  6370999.999999908730
0.644298256700  0.881948316500  6370999.999999906868
0.688933846800  0.847900135500  6370999.999999906868
0.691755188200  0.883546830900  6370999.999999901280
0.678855282700  0.894822913000  6370999.999999901280
0.561036720100  0.928457721500  6370999.999999907799
0.547230654000  0.937096148200  6370999.999999907799
0.539419088900  0.952191729300  6370999.999999906868
0.550121604400  0.967514241400  6370999.999999903142
0.570093767100  0.911274090600  6370999.999999908730
0.582157319200  0.965418916900  6370999.999999900348
0.572072996800  0.947176251700  6370999.999999903142
0.580051827600  0.892358350600  6370999.999999911524
0.594060645600  0.928546120300  6370999.999999904074
0.615132450100  0.971301063600  6370999.999999896623
0.588201517000  0.948749595600  6370999.999999902211
0.610429151800  0.956335609900  6370999.999999898486
0.551685244300  1.000000000000  6370999.999999897555
0.525591288700  0.983905314500  6370999.999999902211
0.515480685600  0.967019038400  6370999.999999905936
0.559437016400  0.983339079100  6370999.999999898486
0.583341606100  1.000000000000  6370999.999999895692
0.575279572100  0.982926955900  6370999.999999897555
0.605927963700  0.984238251500  6370999.999999895692
0.590645332400  0.982529492400  6370999.999999897555
0.647704830100  1.000000000000  6370999.999999889173
0.603589273600  0.910372557700  6370999.999999906868
0.662011418100  0.887257974200  6370999.999999903142
0.634305399000  0.943011659200  6370999.999999897555
0.697814906400  0.916976356200  6370999.999999895692
0.696709277700  0.945456834800  6370999.999999891967
0.724408352700  0.914000948300  6370999.999999892898
0.704135877800  0.959357002400  6370999.999999889173
0.666413672500  0.944995552500  6370999.999999895692
0.688865885500  0.959190260500  6370999.999999891035
0.735461129200  0.959260496800  6370999.999999884516
0.694840464000  0.363486022800  6370999.999999951571
0.737556872700  0.445189514900  6370999.999999941327
0.732468949500  0.410837641600  6370999.999999944121
0.768094258500  0.456338790100  6370999.999999938533
0.792122385300  0.439336532100  6370999.999999934807
0.760977513700  0.392620696400  6370999.999999943189
0.791013974700  0.048376142500  6370999.999999950640
0.876899458500  0.080427613200  6370999.999999938533
0.920090019400  0.076214665700  6370999.999999932945
0.837763506600  0.252602207800  6370999.999999940395
0.794538923300  0.346294778600  6370999.999999940395
0.816001568900  0.425270349900  6370999.999999933876
0.789923397600  0.378614463100  6370999.999999939464
0.844038583800  0.462816850600  6370999.999999927357
0.841486739000  0.387494921500  6370999.999999932945
0.818795740100  0.451815102200  6370999.999999932013
0.839696440500  0.413560802500  6370999.999999932013
0.849536254100  0.485255985500  6370999.999999924563
0.778232044300  0.615861149500  6370999.999999922700
0.726477018200  0.638365789300  6370999.999999927357
0.757096964900  0.630899333200  6370999.999999923632
0.803211061400  0.642217141800  6370999.999999917112
0.833417217700  0.578922200900  6370999.999999918975
0.855606517200  0.507152476500  6370999.999999922700
0.866122293000  0.587420291400  6370999.999999914318
0.854866535900  0.606077232700  6370999.999999914318
0.860027353300  0.693828626600  6370999.999999903142
0.848934256200  0.710681645400  6370999.999999903142
0.874479314600  0.637714984400  6370999.999999908730
0.888325838600  0.712390411500  6370999.999999897555
0.880113147300  0.727264721600  6370999.999999897555
0.917125784100  0.000000000000  6370999.999999933876
0.938428999600  0.108029067900  6370999.999999929219
0.872794172700  0.147617372600  6370999.999999938533
0.884281630500  0.179686004500  6370999.999999935739
0.962582146300  0.082015369500  6370999.999999927357
0.945802409600  0.202686429000  6370999.999999927357
0.943195966000  0.171624642800  6370999.999999928288
0.863443195000  0.232404371000  6370999.999999938533
0.971223066300  0.156217857600  6370999.999999923632
0.854596040600  0.333125473800  6370999.999999933876
0.883362065100  0.417079732900  6370999.999999926426
0.903436616000  0.447217552600  6370999.999999919906
0.862978914700  0.450423843000  6370999.999999926426
0.891673316600  0.482243708800  6370999.999999918975
0.866872440800  0.379676358600  6370999.999999929219
0.883344021200  0.331450919200  6370999.999999930151
0.910255633200  0.287657732800  6370999.999999928288
0.902643909700  0.264379100300  6370999.999999930151
0.937306121600  0.323337371000  6370999.999999922700
0.874069101900  0.355398713800  6370999.999999930151
0.910391133300  0.387714571000  6370999.999999923632
0.925749627600  0.399997302100  6370999.999999919906
0.946632414100  0.342906082100  6370999.999999919906
0.943328803600  0.446668935500  6370999.999999914318
0.904712611700  0.407858072800  6370999.999999922700
0.851491163800  0.282031855300  6370999.999999937601
0.975212189200  0.243511903800  6370999.999999919906
0.976942912900  0.268267081000  6370999.999999919906
0.980760723200  0.387459048300  6370999.999999912456
0.981156045300  0.406240772200  6370999.999999911524
0.917536094400  0.476196997800  6370999.999999915250
0.963023515600  0.415970340300  6370999.999999913387
1.000000000000  0.433740322100  6370999.999999906868
0.965592036900  0.451578983400  6370999.999999909662
0.983274880500  0.460163996100  6370999.999999907799
0.981101750800  0.367787718300  6370999.999999914318
1.000000000000  0.337491530400  6370999.999999912456
0.966444755700  0.487604803300  6370999.999999907799
0.911557048300  0.492933414500  6370999.999999914318
0.896810852700  0.522570531600  6370999.999999914318
0.893984530300  0.502754540400  6370999.999999918044
0.922778673000  0.564137654300  6370999.999999908730
0.931918198200  0.521430927400  6370999.999999909662
0.909971981700  0.576672250400  6370999.999999908730
0.901720012700  0.591369104300  6370999.999999908730
0.949890696200  0.530204006000  6370999.999999906868
0.873675723000  0.605801589200  6370999.999999911524
0.948778911600  0.496358011000  6370999.999999908730
0.952220143400  0.547172535500  6370999.999999905936
0.928437952500  0.607786433100  6370999.999999903142
0.938800123400  0.591637769900  6370999.999999903142
0.926719046700  0.580303179800  6370999.999999906868
0.897614198400  0.697169607800  6370999.999999897555
0.913658376200  0.666617089500  6370999.999999900348
0.929570508800  0.666788893300  6370999.999999897555
0.921340699700  0.622562518200  6370999.999999903142
0.956456254000  0.702704952500  6370999.999999890104
0.940526651200  0.710285210100  6370999.999999891035
0.923438129400  0.709324718800  6370999.999999892898
0.929468024100  0.737936463600  6370999.999999890104
0.938660102000  0.652591440600  6370999.999999897555
0.966975319600  0.538123936100  6370999.999999903142
0.982965227900  0.527594608600  6370999.999999902211
1.000000000000  0.506976134800  6370999.999999901280
0.955470881000  0.597696930200  6370999.999999901280
1.000000000000  0.608186866800  6370999.999999891967
0.955768673500  0.657395595400  6370999.999999894761
0.985975371300  0.646120360600  6370999.999999891035
1.000000000000  0.654234109100  6370999.999999887310
0.985791143000  0.692705378000  6370999.999999885447
1.000000000000  0.698261578200  6370999.999999883585
0.796087693300  0.740898248000  6370999.999999906868
0.778299001700  0.732843110200  6370999.999999909662
0.799021134300  0.758615121900  6370999.999999904074
0.819393620900  0.784421094800  6370999.999999898486
0.821272044000  0.801440773300  6370999.999999896623
0.813087348500  0.729881816000  6370999.999999906868
0.850824987500  0.781185541100  6370999.999999895692
0.919506048200  0.780140864300  6370999.999999885447
0.830427171800  0.719893853100  6370999.999999904074
0.821216288900  0.821221855800  6370999.999999894761
0.814498830200  0.839694017900  6370999.999999891967
0.826880087900  0.852875965300  6370999.999999890104
0.843515885200  0.847907344900  6370999.999999887310
0.850743488600  0.797970622800  6370999.999999892898
0.897062795300  0.862575430400  6370999.999999878928
0.762649712200  0.928220554900  6370999.999999886379
0.810328365800  0.895155610400  6370999.999999885447
0.788141830500  0.948818508600  6370999.999999880791
0.755273934700  0.975712075000  6370999.999999880791
0.771710146900  1.000000000000  6370999.999999874271
0.799515105100  1.000000000000  6370999.999999872409
0.802697885200  0.970956753700  6370999.999999875203
0.837599223100  0.880000109600  6370999.999999884516
0.836826297700  0.896193953000  6370999.999999881722
0.850201799300  0.920526844500  6370999.999999876134
0.824516477900  0.869318962600  6370999.999999886379
0.850326999000  0.935221695300  6370999.999999874271
0.841938024800  0.977705536300  6370999.999999869615
0.862018955700  0.988131060200  6370999.999999864958
0.841974747400  1.000000000000  6370999.999999866821
0.862648569100  0.941701636400  6370999.999999873340
0.898332619100  0.987805008500  6370999.999999861233
0.894456449800  0.738887239500  6370999.999999894761
0.953949097200  0.895965384400  6370999.999999864958
0.965189654700  0.905184014700  6370999.999999862164
0.959106876100  0.938237395700  6370999.999999858439
0.904131048200  1.000000000000  6370999.999999857508
0.954023535800  0.957289483900  6370999.999999856576
0.964208730200  0.917348869900  6370999.999999862164
0.988804025700  0.906864354200  6370999.999999858439
0.988721004900  0.918008315100  6370999.999999857508
0.972751617900  0.953118279000  6370999.999999855645
0.981719186700  0.988720000900  6370999.999999847263
0.991599882000  0.972778626300  6370999.999999848194
0.983536527100  0.967716620500  6370999.999999849126
0.990928304400  0.982857496600  6370999.999999847263
1.000000000000  0.989284475900  6370999.999999843538
0.133521971700  0.245655732400  6370999.999999994412
0.066300017100  0.290347784100  6370999.999999993481
0.000000000000  0.343567759700  6370999.999999990687
0.105905252100  0.491025670400  6370999.999999979511
0.366651051900  0.227774516300  6370999.999999985099
0.423144576700  0.221279996500  6370999.999999982305
0.134416816600  0.577017487800  6370999.999999972992
0.055390894500  0.691970094300  6370999.999999961816
0.399946924300  0.569761008600  6370999.999999961816
0.452780819300  0.508542920200  6370999.999999962747
0.439045054900  0.556574974600  6370999.999999960884
0.381917414300  0.749916517500  6370999.999999944121
0.322658813600  0.766638167400  6370999.999999945983
0.579999901500  0.000000000000  6370999.999999973923
0.500779772100  0.429094291400  6370999.999999966472
0.504171272300  0.340563881700  6370999.999999971129
0.535912755400  0.398583099400  6370999.999999965541
0.616473471300  0.365090456900  6370999.999999960884
0.647601248800  0.098710935200  6370999.999999966472
0.675075518000  0.048078767400  6370999.999999963678
0.693017915900  0.330047990100  6370999.999999954365
0.661589709900  0.304906659500  6370999.999999958090
0.682592042600  0.575195459700  6370999.999999938533
0.704667431500  0.551741591400  6370999.999999938533
0.657803779500  0.665827765900  6370999.999999932013
0.654981477300  0.734468366800  6370999.999999923632
0.641668568700  0.755694447000  6370999.999999922700
0.722701273600  0.747906079400  6370999.999999914318
0.665563057900  0.757985121400  6370999.999999919906
0.731057389300  0.779029743300  6370999.999999909662
0.689017310800  0.761198373200  6370999.999999918044
0.145057479900  0.845731322100  6370999.999999943189
0.202924381600  0.805047339900  6370999.999999945983
0.269479063600  0.803509806500  6370999.999999944121
0.324605592500  0.825485528300  6370999.999999938533
0.344871126200  0.846744219600  6370999.999999934807
0.332868092700  0.868235443300  6370999.999999932945
0.071258078500  0.881163087600  6370999.999999938533
0.232337796600  0.862492229300  6370999.999999938533
0.259120245100  0.875159632800  6370999.999999934807
0.265388709000  0.843802186500  6370999.999999938533
0.209856729600  0.915752692600  6370999.999999932013
0.269372352000  0.900608502200  6370999.999999930151
0.389859636100  0.782656745100  6370999.999999940395
0.401543581400  0.847223376200  6370999.999999932013
0.396132689600  0.891912417300  6370999.999999926426
0.418496880500  0.898917268300  6370999.999999922700
0.032424460400  0.971193794400  6370999.999999927357
0.114533008800  0.971646839000  6370999.999999924563
0.221344226300  0.949832966500  6370999.999999926426
0.260437528600  0.925942071400  6370999.999999927357
0.248183980900  0.951831384800  6370999.999999923632
0.286809600100  0.927883555300  6370999.999999927357
0.283103186300  0.975928489100  6370999.999999918975
0.150906861000  0.970436569200  6370999.999999923632
0.196035631200  0.941643162700  6370999.999999927357
0.323104249800  0.957361969900  6370999.999999919906
0.181247357900  0.969995549800  6370999.999999923632
0.273204175000  1.000000000000  6370999.999999914318
0.304928867300  0.976364910100  6370999.999999918044
0.393897663400  0.949801902200  6370999.999999917112
0.385629126300  0.966787803700  6370999.999999914318
0.402364244300  0.931961792000  6370999.999999918975
0.422132719200  0.922957158500  6370999.999999918975
0.454181731500  0.939037625800  6370999.999999914318
0.472684876300  0.933372675600  6370999.999999914318
0.447282253300  0.959841790500  6370999.999999912456
0.486164233600  0.949441498500  6370999.999999909662
0.427954923500  0.962578639300  6370999.999999912456
0.401373986800  0.982005114200  6370999.999999912456
0.420553690000  0.981759486100  6370999.999999909662
0.430685397900  1.000000000000  6370999.999999906868
0.508524748900  0.983487405600  6370999.999999903142
0.473775174000  0.984048600300  6370999.999999906868
0.500839234000  1.000000000000  6370999.999999902211
0.504372761300  0.949503272700  6370999.999999908730
0.544242206400  0.853353236600  6370999.999999919906
0.563794504300  0.852657869500  6370999.999999918044
0.544035432800  0.889021651000  6370999.999999914318
0.532947422800  0.903915817500  6370999.999999913387
0.541032796900  0.920822399000  6370999.999999909662
0.620599622500  0.800179645700  6370999.999999919906
0.652429714800  0.777633919900  6370999.999999918975
0.641082026300  0.797855723300  6370999.999999918044
0.632523832900  0.821441366500  6370999.999999914318
0.652257933800  0.832046590900  6370999.999999912456
0.694663380600  0.781306312600  6370999.999999914318
0.724443942200  0.799226614600  6370999.999999908730
0.714936182600  0.816644995100  6370999.999999907799
0.672326061000  0.818064771900  6370999.999999912456
0.687112412000  0.831193896400  6370999.999999908730
0.706450849300  0.834626862300  6370999.999999906868
0.719994891100  0.864464987000  6370999.999999901280
0.736082216700  0.858503280400  6370999.999999900348
0.654340394800  0.851120995000  6370999.999999908730
0.631727484600  0.895981507000  6370999.999999905936
0.620293194200  0.910984391100  6370999.999999904074
0.672941860700  0.857947346200  6370999.999999906868
0.705209262500  0.854240447500  6370999.999999903142
0.707357285200  0.890448022400  6370999.999999897555
0.694142833200  0.901039838600  6370999.999999897555
0.520277608800  0.916756356600  6370999.999999912456
0.529378708100  0.934496530800  6370999.999999908730
0.521974643600  0.950513112200  6370999.999999907799
0.532745262100  0.967928394700  6370999.999999903142
0.643174995600  0.929018783900  6370999.999999900348
0.659028240300  0.931089159700  6370999.999999897555
0.625723250800  0.957381485500  6370999.999999897555
0.626976155600  0.927156411400  6370999.999999902211
0.650293721600  0.944436351500  6370999.999999897555
0.668181185400  0.918477519400  6370999.999999897555
0.689811492100  0.930045085900  6370999.999999895692
0.682307154100  0.913199510900  6370999.999999897555
0.735322898100  0.923801259500  6370999.999999891035
0.704941690000  0.932789174500  6370999.999999891967
0.712362221400  0.920950234700  6370999.999999892898
0.673428534400  0.958952009300  6370999.999999891967
0.681971531600  0.945083263200  6370999.999999892898
0.712042595100  0.945998991100  6370999.999999890104
0.719243853700  0.960401167100  6370999.999999886379
0.726643730900  0.973004922800  6370999.999999884516
0.639584177800  0.986170586000  6370999.999999891967
0.656083425700  0.986266669700  6370999.999999890104
0.672177105300  0.986319097200  6370999.999999887310
0.696031768500  0.972861690700  6370999.999999887310
0.664676484000  0.972614251700  6370999.999999891967
0.687945390500  0.986369569800  6370999.999999886379
0.718814999700  0.986477262700  6370999.999999883585
0.733958502500  0.986718614500  6370999.999999880791
0.858685543100  0.203372865400  6370999.999999938533
0.843187031600  0.048864042300  6370999.999999944121
0.903023320000  0.118064829600  6370999.999999934807
0.865709479900  0.307485646600  6370999.999999933876
0.893744648600  0.308311472800  6370999.999999929219
0.882752967400  0.438574030100  6370999.999999923632
0.883977551400  0.460367605800  6370999.999999920838
0.746913242100  0.532277477200  6370999.999999933876
0.762054386200  0.576010379700  6370999.999999928288
0.757353960000  0.603788045100  6370999.999999927357
0.798315794600  0.600420650900  6370999.999999920838
0.747759313100  0.653453060300  6370999.999999922700
0.769534403300  0.651516869100  6370999.999999919906
0.783167828900  0.636889630700  6370999.999999919906
0.791746763200  0.576269298100  6370999.999999924563
0.792030154000  0.680991776200  6370999.999999914318
0.827468411800  0.683013006800  6370999.999999908730
0.813470874200  0.572975487400  6370999.999999922700
0.845853037100  0.544060510800  6370999.999999919906
0.860920734900  0.528870063000  6370999.999999919906
0.852333810900  0.566315826700  6370999.999999918044
0.877048083600  0.514912535800  6370999.999999918975
0.885989165700  0.554751284200  6370999.999999914318
0.892124163800  0.573106002100  6370999.999999912456
0.883752265600  0.588990952200  6370999.999999911524
0.849409600400  0.586683876900  6370999.999999915250
0.836175458000  0.601759104600  6370999.999999917112
0.849749109000  0.657998147800  6370999.999999908730
0.846342268900  0.677730129700  6370999.999999907799
0.873095659800  0.683683224000  6370999.999999903142
0.867469572100  0.653843770700  6370999.999999907799
0.885916066800  0.652119401200  6370999.999999904074
0.889734179700  0.682317078900  6370999.999999901280
0.893499259100  0.637063768000  6370999.999999905936
0.915854946800  0.530167310000  6370999.999999912456
0.842766040300  0.694436846000  6370999.999999906868
0.919162168800  0.309949176500  6370999.999999927357
0.910330779200  0.330029190000  6370999.999999927357
0.924642433900  0.247041202400  6370999.999999928288
0.896038311200  0.238852258000  6370999.999999932945
0.916738879800  0.189381597300  6370999.999999932013
0.930302328300  0.272015701300  6370999.999999927357
0.935598245800  0.295776880600  6370999.999999924563
0.963263654500  0.330464228600  6370999.999999918044
0.948398426700  0.231437795700  6370999.999999926426
0.955930491100  0.282920978800  6370999.999999920838
0.925758863300  0.346876675500  6370999.999999923632
0.903954991900  0.427816793700  6370999.999999920838
0.903341575600  0.466507869000  6370999.999999918975
0.922434832900  0.456227239000  6370999.999999917112
0.920846485200  0.370210687300  6370999.999999922700
0.939942069900  0.385736136600  6370999.999999918975
0.961013946000  0.376968618300  6370999.999999915250
0.962941893900  0.355789138300  6370999.999999918044
0.924920721100  0.418835750900  6370999.999999918975
0.962351800300  0.434723662700  6370999.999999912456
0.944687547700  0.407062701500  6370999.999999917112
0.935524815600  0.467706940400  6370999.999999914318
0.966377726800  0.043204738600  6370999.999999927357
0.972423602600  0.187205509200  6370999.999999923632
0.973622874700  0.216834785500  6370999.999999920838
1.000000000000  0.026858226900  6370999.999999919906
1.000000000000  0.086143003700  6370999.999999919906
1.000000000000  0.257763528200  6370999.999999915250
0.985931136500  0.326152171800  6370999.999999914318
0.981198480600  0.424726373600  6370999.999999909662
0.975835047000  0.310899772300  6370999.999999918044
0.979213340200  0.291599728000  6370999.999999918044
0.982043691800  0.442289490600  6370999.999999908730
0.951781481400  0.461893945200  6370999.999999912456
0.904631563300  0.559234795100  6370999.999999911524
0.919033166100  0.547519525200  6370999.999999909662
0.932361581000  0.486473245400  6370999.999999913387
0.965738240000  0.504604919000  6370999.999999906868
0.948532676500  0.513270405700  6370999.999999908730
0.953970568600  0.581835641000  6370999.999999902211
0.937394551600  0.555609792200  6370999.999999906868
0.940198966200  0.572821984700  6370999.999999904074
0.967476565900  0.470154042900  6370999.999999908730
0.902251427600  0.622421813300  6370999.999999905936
0.921791188700  0.651881816900  6370999.999999900348
0.896664232500  0.666809380100  6370999.999999902211
0.923506886200  0.681265678900  6370999.999999896623
0.914456245200  0.695814823200  6370999.999999896623
0.910745714900  0.607900718000  6370999.999999905936
0.943092792300  0.607334878600  6370999.999999901280
0.939571162100  0.623213690500  6370999.999999900348
0.929563360800  0.637339955000  6370999.999999901280
0.957121396300  0.673674406200  6370999.999999891967
0.944252974200  0.666795674500  6370999.999999895692
0.945187479400  0.639525665700  6370999.999999897555
0.944428439400  0.695542496100  6370999.999999891967
0.968696710900  0.573162052900  6370999.999999901280
0.968953303200  0.555585687800  6370999.999999902211
1.000000000000  0.579093349900  6370999.999999895692
0.969610450900  0.589762445200  6370999.999999898486
0.983459439000  0.478151856800  6370999.999999906868
1.000000000000  0.495377682400  6370999.999999902211
0.982760970000  0.495370269800  6370999.999999904074
1.000000000000  0.520787818600  6370999.999999900348
1.000000000000  0.468026846100  6370999.999999903142
0.984626653200  0.585346918400  6370999.999999897555
0.956215217500  0.614338973000  6370999.999999897555
0.972206505500  0.637008049200  6370999.999999894761
0.971828924200  0.652834072100  6370999.999999891967
0.970885496100  0.667267365300  6370999.999999891967
0.970166099900  0.606043014000  6370999.999999897555
0.971429080600  0.696304293500  6370999.999999887310
0.957060133300  0.687757558800  6370999.999999891035
1.000000000000  0.669304395300  6370999.999999886379
0.969486049400  0.709453396900  6370999.999999886379
0.985183889200  0.615149670100  6370999.999999894761
0.985973795300  0.630441097300  6370999.999999891967
0.985706248500  0.661617741000  6370999.999999890104
0.754114037800  0.700564355900  6370999.999999917112
0.757167645700  0.722375867800  6370999.999999914318
0.741534519800  0.738399339200  6370999.999999914318
0.761956016300  0.741786057600  6370999.999999911524
0.750731957300  0.777489596500  6370999.999999908730
0.792501976700  0.701719685200  6370999.999999912456
0.787419459600  0.773505717600  6370999.999999903142
0.769923692900  0.774076678000  6370999.999999906868
0.804133769000  0.776130182300  6370999.999999902211
0.814907216300  0.748035005000  6370999.999999903142
0.752850787700  0.855963880100  6370999.999999897555
0.808224656800  0.809203004400  6370999.999999897555
0.768723812700  0.853079454700  6370999.999999896623
0.810114506500  0.691933439000  6370999.999999911524
0.830766287200  0.738293124200  6370999.999999903142
0.833026670500  0.755896439900  6370999.999999901280
0.834543460800  0.773598074000  6370999.999999897555
0.864288925600  0.755362607900  6370999.999999896623
0.866806056500  0.788395041500  6370999.999999891967
0.902971310900  0.780865702700  6370999.999999887310
0.837495436300  0.822751253600  6370999.999999891967
0.835691434400  0.790584521200  6370999.999999896623
0.864592666900  0.805004745800  6370999.999999891035
0.865491348200  0.826217917300  6370999.999999887310
0.883333102000  0.825359186000  6370999.999999884516
0.899075797200  0.822393938400  6370999.999999884516
0.880073632100  0.797228293500  6370999.999999890104
0.860431679200  0.843119906400  6370999.999999885447
0.849400469000  0.832520937300  6370999.999999890104
0.882285408700  0.866105125600  6370999.999999879859
0.886640527600  0.851160121500  6370999.999999880791
0.890312695700  0.809676719700  6370999.999999886379
0.890748514800  0.753703250800  6370999.999999891967
0.855587556900  0.858840627700  6370999.999999884516
0.739225170600  0.890006815400  6370999.999999895692
0.767473586500  0.897933063100  6370999.999999891035
0.720959938900  0.882196683800  6370999.999999897555
0.749818519100  0.917400316600  6370999.999999890104
0.752160394600  0.901452395200  6370999.999999891967
0.737800892000  0.906791366500  6370999.999999891967
0.776029042200  0.924498883100  6370999.999999885447
0.765858856900  0.869381747200  6370999.999999895692
0.784305250400  0.876743742200  6370999.999999891967
0.784017429100  0.893417908400  6370999.999999890104
0.797818441800  0.886203541000  6370999.999999889173
0.812647992000  0.929159264600  6370999.999999879859
0.787444401400  0.933404194000  6370999.999999883585
0.774280409400  0.941491461200  6370999.999999884516
0.800443563500  0.923594757900  6370999.999999883585
0.735815754100  0.939465369400  6370999.999999887310
0.746698974500  0.948891751700  6370999.999999885447
0.759512707900  0.941797376400  6370999.999999884516
0.751196474800  0.962293870400  6370999.999999883585
0.741126374500  0.973657999900  6370999.999999881722
0.757773464600  1.000000000000  6370999.999999876134
0.765697166200  0.985406634600  6370999.999999878928
0.766729187200  0.968773396500  6370999.999999879859
0.777320773200  0.958004946400  6370999.999999880791
0.790149918400  0.965420117200  6370999.999999878928
0.779773192900  0.988288670200  6370999.999999875203
0.806372199000  0.986130751400  6370999.999999873340
0.812860606100  0.944726813000  6370999.999999878928
0.823702167100  0.919301017400  6370999.999999879859
0.836757908700  0.911755861200  6370999.999999879859
0.825531493000  0.949585185600  6370999.999999875203
0.838335260900  0.941201849800  6370999.999999875203
0.852395614800  0.874646790200  6370999.999999883585
0.863763549200  0.900372291000  6370999.999999878928
0.867446763200  0.870078299600  6370999.999999880791
0.876590036700  0.910552757600  6370999.999999874271
0.850137178400  0.905634783500  6370999.999999878928
0.863212163300  0.928588971000  6370999.999999873340
0.876154220100  0.924841650900  6370999.999999873340
0.875680307600  0.938688010500  6370999.999999870546
0.890132599700  0.949542504500  6370999.999999867752
0.816116823700  0.973802793300  6370999.999999873340
0.828409162200  0.963616608900  6370999.999999873340
0.848889131300  0.988834919100  6370999.999999867752
0.851069853800  0.950625431200  6370999.999999873340
0.854495723600  0.976351911600  6370999.999999867752
0.843980954700  0.965230651400  6370999.999999870546
0.820471253700  0.987328062500  6370999.999999870546
0.826994978200  1.000000000000  6370999.999999867752
0.834578134800  0.988879381700  6370999.999999868684
0.864889808400  0.953589868700  6370999.999999869615
0.872219407200  0.964315516300  6370999.999999867752
0.891896490200  0.975746357800  6370999.999999863096
0.885095232900  0.962926758600  6370999.999999866821
0.867115495500  0.975840489200  6370999.999999866821
0.874677074000  0.987830532200  6370999.999999863096
0.893218480300  1.000000000000  6370999.999999858439
0.886713387300  0.987847990900  6370999.999999862164
0.906662785600  0.710723640700  6370999.999999895692
0.911959672700  0.738502717200  6370999.999999891967
0.895764691600  0.768020346900  6370999.999999891035
0.912356975500  0.766459672900  6370999.999999889173
0.921568706400  0.751907456000  6370999.999999890104
0.916032515600  0.724369627000  6370999.999999891967
0.946086590200  0.741710416900  6370999.999999886379
0.930629141600  0.722563325200  6370999.999999891035
0.958726585400  0.730432410500  6370999.999999885447
0.930455739700  0.695559328300  6370999.999999894761
0.937579721200  0.753024418700  6370999.999999886379
0.955321302400  0.716750921400  6370999.999999887310
0.921014994400  0.806960835200  6370999.999999881722
0.902451424200  0.848715666100  6370999.999999878928
0.923372860700  0.833669259800  6370999.999999878928
0.914434605900  0.820789286700  6370999.999999880791
0.912168248400  0.860272421200  6370999.999999876134
0.944783071800  0.793981079900  6370999.999999880791
0.958198493700  0.822486358800  6370999.999999875203
0.943944075100  0.821085601700  6370999.999999877997
0.936084703000  0.806878529200  6370999.999999879859
0.940003626800  0.860166105300  6370999.999999873340
0.937962739000  0.833802011800  6370999.999999876134
0.960810255100  0.846117135000  6370999.999999872409
0.959938817900  0.798306939700  6370999.999999878928
0.921775920000  0.871837708600  6370999.999999873340
0.893222358400  0.877024468800  6370999.999999877997
1.000000000000  0.709188162500  6370999.999999881722
0.973655206000  0.735759703700  6370999.999999883585
0.973380173800  0.821182189700  6370999.999999873340
0.976405434300  0.807629423100  6370999.999999873340
0.983171380600  0.830617890100  6370999.999999869615
0.953814461800  0.858610692800  6370999.999999870546
0.961744888900  0.869754692200  6370999.999999867752
0.956168388000  0.882835602300  6370999.999999867752
0.980187262800  0.857349605500  6370999.999999867752
0.975365579900  0.844832157100  6370999.999999869615
0.976370009100  0.871017890300  6370999.999999866821
0.934500888400  0.874131914300  6370999.999999872409
1.000000000000  0.828606882700  6370999.999999867752
0.991550221100  0.853810084800  6370999.999999866821
1.000000000000  0.875801190500  6370999.999999862164
0.978231852300  0.886793259400  6370999.999999863096
0.904464314300  0.887208963400  6370999.999999873340
0.917898528700  0.883337177400  6370999.999999873340
0.903202849300  0.900669000700  6370999.999999873340
0.913332457700  0.920943430000  6370999.999999867752
0.889725117900  0.905715289100  6370999.999999873340
0.928718430800  0.902448719600  6370999.999999867752
0.943465892900  0.885344819600  6370999.999999868684
0.966387209200  0.892755337500  6370999.999999864027
0.939578968400  0.911214438600  6370999.999999864958
0.933934345500  0.936103670500  6370999.999999862164
0.924288548400  0.928187915400  6370999.999999864958
0.926737470200  0.915658952600  6370999.999999867752
0.946891332400  0.933617880500  6370999.999999862164
0.957446276600  0.927121739400  6370999.999999861233
0.942241930000  0.956716904000  6370999.999999858439
0.903150674100  0.953691250800  6370999.999999864027
0.915488206400  0.977121179500  6370999.999999859370
0.903814623600  0.975955089200  6370999.999999862164
0.920555942000  0.990449838900  6370999.999999856576
0.927402535200  1.000000000000  6370999.999999853782
0.918370548300  0.954477002900  6370999.999999862164
0.930516074500  0.949329631300  6370999.999999862164
0.938852695900  0.968719036500  6370999.999999857508
0.928519373300  0.971931684700  6370999.999999858439
0.958661284800  0.967089811600  6370999.999999855645
0.946647011800  0.978740453200  6370999.999999855645
0.932562774700  0.990501753200  6370999.999999855645
0.943573788900  0.989693323100  6370999.999999852851
0.956447645700  0.977397777900  6370999.999999852851
0.977491722300  0.899764847700  6370999.999999862164
0.968268269800  0.929946158300  6370999.999999858439
0.979213202500  0.934533286100  6370999.999999856576
0.951183616100  0.946396748200  6370999.999999858439
0.962325754500  0.949758426400  6370999.999999856576
0.988975218400  0.894263974200  6370999.999999861233
0.980878715800  0.945612613600  6370999.999999855645
0.990484741900  0.938523204900  6370999.999999853782
1.000000000000  0.952772286000  6370999.999999849126
0.981476617700  0.957258685200  6370999.999999852851
0.966005383800  0.960578487100  6370999.999999855645
0.974603818100  0.966701386900  6370999.999999851920
0.974148236000  0.979551378200  6370999.999999849126
0.962989212500  0.992159255400  6370999.999999849126
0.972647910100  0.990200665300  6370999.999999849126
0.977379996300  1.000000000000  6370999.999999847263
0.991014566300  0.961122065000  6370999.999999849126
1.000000000000  0.969167901300  6370999.999999847263
0.990713158000  0.991919551400  6370999.999999844469
0.994093965900  1.000000000000  6370999.999999843538
