3873  3
   1    8  3  2
   2    -1  -1  1
   3    15  -1  1
   4    22  8  -1
   5    8  6  9
   6    5  22  51
   7    26  28  20
   8    1  4  5
   9    20  15  5
  10    13  19  12
  11    12  21  54
  12    -1  10  11
  13    15  10  -1
  14    17  19  18
  15    3  9  13
  16    17  38  64
  17    14  16  21
  18    28  41  14
  19    20  14  10
  20    19  9  7
  21    11  17  59
  22    4  24  6
  23    27  34  51
  24    22  -1  27
  25    32  35  26
  26    51  25  7
  27    30  23  24
  28    18  7  48
  29    112  114  34
  30    27  -1  112
  31    33  234  43
  32    34  33  25
  33    113  31  32
  34    23  29  32
  35    43  48  25
  36    39  41  37
  37    48  47  36
  38    41  92  16
  39    36  40  52
  40    49  39  45
  41    38  18  36
  42    50  47  43
  43    35  31  42
  44    200  49  140
  45    47  46  40
  46    45  130  140
  47    37  42  45
  48    35  37  28
  49    44  110  40
  50    126  130  42
  51    23  26  6
  52    92  39  87
  53    57  56  54
  54    -1  11  53
  55    56  65  67
  56    -1  53  55
  57    63  53  59
  58    62  61  64
  59    21  64  57
  60    79  109  77
  61    63  58  79
  62    85  58  92
  63    65  57  61
  64    58  59  16
  65    63  72  55
  66    70  69  67
  67    -1  55  66
  68    69  78  237
  69    -1  66  68
  70    76  66  72
  71    75  74  77
  72    65  77  70
  73    74  246  241
  74    76  71  73
  75    109  99  71
  76    78  70  74
  77    71  72  60
  78    68  76  245
  79    61  80  60
  80    79  85  83
  81    91  88  83
  82    95  109  83
  83    80  81  82
  84    87  91  85
  85    62  84  80
  86    108  89  110
  87    52  110  84
  88    93  106  81
  89    91  86  93
  90    190  101  176
  91    81  84  89
  92    52  62  38
  93    89  101  88
  94    97  99  95
  95    106  94  82
  96    97  274  292
  97    94  98  96
  98    102  97  105
  99    107  75  94
 100    104  105  101
 101    93  90  100
 102    111  98  103
 103    102  104  187
 104    185  103  100
 105    98  106  100
 106    105  95  88
 107    292  246  99
 108    86  200  176
 109    75  60  82
 110    87  49  86
 111    274  102  269
 112    29  30  123
 113    116  33  114
 114    29  115  113
 115    118  122  114
 116    120  124  113
 117    121  169  122
 118    115  123  121
 119    139  146  137
 120    122  139  116
 121    142  117  118
 122    115  117  120
 123    -1  118  112
 124    137  234  116
 125    129  136  128
 126    234  129  50
 127    128  138  172
 128    130  125  127
 129    132  125  126
 130    50  128  46
 131    135  159  136
 132    129  137  135
 133    157  167  134
 134    136  133  138
 135    155  131  132
 136    125  131  134
 137    119  132  124
 138    134  183  127
 139    144  119  120
 140    44  46  172
 141    145  152  169
 142    121  -1  145
 143    150  153  144
 144    169  143  139
 145    148  141  142
 146    153  155  119
 147    168  512  152
 148    145  -1  168
 149    485  488  166
 150    152  151  143
 151    486  485  150
 152    141  147  150
 153    166  146  143
 154    158  165  159
 155    146  158  135
 156    163  170  157
 157    159  156  133
 158    161  154  155
 159    154  157  131
 160    502  498  165
 161    158  166  233
 162    208  170  500
 163    165  164  156
 164    498  500  163
 165    154  160  163
 166    149  161  153
 167    231  213  133
 168    148  495  147
 169    141  144  117
 170    156  162  231
 171    175  174  172
 172    140  127  171
 173    177  179  174
 174    200  171  173
 175    182  171  183
 176    108  179  90
 177    173  182  180
 178    213  206  182
 179    197  176  173
 180    177  181  184
 181    201  180  206
 182    175  178  177
 183    175  138  213
 184    180  199  197
 185    104  190  189
 186    197  196  190
 187    235  103  188
 188    187  189  193
 189    191  188  185
 190    186  185  90
 191    189  196  194
 192    199  230  196
 193    198  482  188
 194    191  195  198
 195    220  194  230
 196    186  192  191
 197    184  186  179
 198    193  194  368
 199    184  204  192
 200    174  108  44
 201    204  181  205
 202    231  212  206
 203    204  209  216
 204    201  203  199
 205    209  201  207
 206    202  181  178
 207    205  212  210
 208    162  984  212
 209    205  227  203
 210    207  211  214
 211    548  210  984
 212    202  208  207
 213    178  183  167
 214    210  484  227
 215    219  218  216
 216    230  203  215
 217    222  223  218
 218    220  215  217
 219    222  215  226
 220    228  195  218
 221    225  572  224
 222    217  219  224
 223    398  416  217
 224    222  221  232
 225    226  546  221
 226    227  225  219
 227    214  226  209
 228    220  363  368
 229    232  558  393
 230    195  192  216
 231    202  167  170
 232    398  224  229
 233    161  509  502
 234    31  124  126
 235    269  187  361
 236    238  239  237
 237    -1  68  236
 238    245  242  236
 239    249  -1  236
 240    261  247  246
 241    73  243  245
 242    259  254  238
 243    259  241  247
 244    267  257  247
 245    78  241  238
 246    240  73  107
 247    243  240  244
 248    251  -1  249
 249    254  248  239
 250    252  294  251
 251    299  248  250
 252    258  250  254
 253    256  258  259
 254    242  252  249
 255    306  295  258
 256    253  257  260
 257    244  291  256
 258    255  252  253
 259    253  242  243
 260    306  256  301
 261    263  267  240
 262    266  270  265
 263    261  292  266
 264    277  291  265
 265    267  262  264
 266    273  262  263
 267    244  261  265
 268    290  271  269
 269    235  268  111
 270    275  281  262
 271    273  268  275
 272    481  288  290
 273    266  274  271
 274    273  96  111
 275    271  288  270
 276    280  287  293
 277    264  281  279
 278    353  301  291
 279    353  277  293
 280    283  276  281
 281    270  280  277
 282    285  287  283
 283    280  288  282
 284    355  335  285
 285    282  286  284
 286    481  375  285
 287    289  276  282
 288    272  283  275
 289    335  330  287
 290    268  357  272
 291    278  257  264
 292    263  107  96
 293    327  279  276
 294    296  250  295
 295    298  294  255
 296    294  312  297
 297    313  299  296
 298    307  320  295
 299    -1  251  297
 300    303  305  301
 301    278  300  260
 302    322  315  303
 303    300  304  302
 304    352  303  353
 305    307  306  300
 306    305  255  260
 307    305  314  298
 308    311  987  313
 309    320  319  310
 310    988  309  995
 311    988  308  312
 312    320  311  296
 313    -1  297  308
 314    319  307  315
 315    302  317  314
 316    996  319  321
 317    315  318  321
 318    328  342  317
 319    309  314  316
 320    309  312  298
 321    316  317  990
 322    323  328  302
 323    322  352  326
 324    330  334  326
 325    326  344  338
 326    323  324  325
 327    330  352  293
 328    318  322  338
 329    347  334  335
 330    289  324  327
 331    332  333  349
 332    334  331  336
 333    347  447  331
 334    324  329  332
 335    329  289  284
 336    332  343  344
 337    340  339  338
 338    328  325  337
 339    342  337  1019
 340    337  341  354
 341    348  340  344
 342    339  991  318
 343    345  336  349
 344    325  336  341
 345    1015  348  343
 346    349  351  350
 347    329  385  333
 348    1026  341  345
 349    343  331  346
 350    1015  346  1025
 351    437  346  423
 352    327  323  304
 353    304  278  279
 354    1019  340  1017
 355    284  370  385
 356    360  364  359
 357    290  361  359
 358    359  377  481
 359    357  356  358
 360    367  356  482
 361    482  357  235
 362    384  367  363
 363    416  362  228
 364    369  356  365
 365    364  384  415
 366    388  382  415
 367    360  368  362
 368    367  198  228
 369    364  382  377
 370    355  375  373
 371    377  381  375
 372    425  419  373
 373    370  374  372
 374    378  373  381
 375    371  370  286
 376    380  381  382
 377    358  369  371
 378    383  430  374
 379    383  380  402
 380    376  401  379
 381    374  371  376
 382    376  369  366
 383    379  449  378
 384    365  362  386
 385    347  355  419
 386    384  391  390
 387    398  397  391
 388    366  405  401
 389    415  390  394
 390    392  389  386
 391    416  387  386
 392    390  397  395
 393    397  229  606
 394    399  405  389
 395    392  414  399
 396    758  412  414
 397    387  393  392
 398    232  387  223
 399    395  407  394
 400    411  417  403
 401    388  403  380
 402    413  379  403
 403    401  400  402
 404    407  411  405
 405    394  404  388
 406    410  409  412
 407    399  412  404
 408    480  854  417
 409    411  406  480
 410    734  406  731
 411    400  404  409
 412    406  407  396
 413    478  460  402
 414    395  559  396
 415    365  389  366
 416    363  223  391
 417    400  408  478
 418    421  447  419
 419    372  418  385
 420    432  423  421
 421    418  422  420
 422    429  421  425
 423    351  447  420
 424    446  427  430
 425    372  430  422
 426    428  444  427
 427    429  424  426
 428    453  439  426
 429    431  422  427
 430    425  378  424
 431    444  433  429
 432    434  420  433
 433    435  432  431
 434    1021  437  432
 435    433  436  483
 436    440  435  443
 437    1044  351  434
 438    441  443  439
 439    438  428  477
 440    1113  1118  436
 441    438  442  445
 442    475  441  467
 443    436  444  438
 444    443  431  426
 445    1113  441  1166
 446    449  453  424
 447    333  418  423
 448    452  451  460
 449    383  460  446
 450    451  463  477
 451    453  448  450
 452    459  448  455
 453    428  446  451
 454    458  457  455
 455    452  478  454
 456    476  474  457
 457    459  454  456
 458    854  748  454
 459    461  452  457
 460    448  449  413
 461    459  469  463
 462    466  465  463
 463    450  461  462
 464    465  479  1232
 465    467  462  464
 466    473  462  469
 467    477  465  442
 468    472  471  474
 469    461  474  466
 470    471  852  1148
 471    473  468  470
 472    820  810  468
 473    479  466  471
 474    468  469  456
 475    1232  1166  442
 476    748  820  456
 477    439  450  467
 478    455  413  417
 479    473  1137  464
 480    744  408  409
 481    358  286  272
 482    360  361  193
 483    1021  435  1110
 484    214  543  546
 485    149  151  487
 486    491  151  512
 487    491  496  485
 488    509  149  496
 489    512  494  493
 490    -1  541  494
 491    487  486  492
 492    491  493  514
 493    517  492  489
 494    495  490  489
 495    -1  494  168
 496    511  488  487
 497    508  503  502
 498    501  164  160
 499    506  510  500
 500    499  162  164
 501    506  498  503
 502    497  160  233
 503    501  497  507
 504    508  509  518
 505    506  526  529
 506    501  505  499
 507    527  526  503
 508    504  531  497
 509    504  233  488
 510    499  542  555
 511    516  518  496
 512    489  486  147
 513    524  522  514
 514    513  516  492
 515    521  525  516
 516    514  515  511
 517    524  493  541
 518    504  511  538
 519    523  634  524
 520    541  -1  523
 521    515  522  608
 522    521  513  609
 523    520  617  519
 524    517  519  513
 525    605  538  515
 526    505  507  530
 527    537  507  531
 528    529  539  603
 529    505  528  542
 530    539  526  535
 531    508  533  527
 532    536  624  537
 533    531  538  536
 534    539  619  585
 535    537  540  530
 536    533  610  532
 537    527  532  535
 538    525  533  518
 539    530  534  528
 540    623  619  535
 541    517  490  520
 542    529  574  510
 543    484  548  547
 544    554  553  548
 545    562  546  551
 546    484  545  225
 547    549  551  543
 548    543  211  544
 549    602  547  553
 550    574  578  554
 551    556  545  547
 552    556  602  575
 553    544  578  549
 554    555  550  544
 555    510  554  984
 556    551  552  569
 557    558  564  560
 558    572  557  229
 559    414  606  741
 560    606  557  568
 561    569  564  562
 562    545  561  572
 563    567  566  564
 564    557  561  563
 565    566  600  789
 566    568  563  565
 567    592  589  563
 568    570  560  566
 569    571  561  556
 570    736  741  568
 571    588  592  569
 572    562  558  221
 573    577  584  578
 574    542  603  550
 575    552  586  588
 576    602  584  581
 577    603  580  573
 578    553  550  573
 579    601  695  584
 580    577  585  601
 581    586  576  582
 582    581  695  666
 583    671  599  666
 584    576  573  579
 585    534  729  580
 586    599  575  581
 587    591  598  592
 588    575  591  571
 589    600  567  590
 590    589  598  595
 591    588  594  587
 592    571  587  567
 593    681  685  598
 594    591  599  597
 595    604  590  596
 596    595  685  693
 597    594  668  681
 598    590  587  593
 599    583  594  586
 600    589  771  565
 601    621  579  580
 602    576  552  549
 603    577  574  528
 604    595  766  771
 605    610  525  607
 606    393  560  559
 607    614  605  608
 608    616  607  521
 609    634  615  522
 610    536  605  618
 611    626  631  650
 612    636  634  633
 613    664  618  614
 614    613  607  638
 615    639  616  609
 616    640  608  615
 617    -1  633  523
 618    631  610  613
 619    534  540  620
 620    619  625  622
 621    601  729  673
 622    729  620  627
 623    630  540  624
 624    631  623  532
 625    620  630  629
 626    630  611  654
 627    632  622  628
 628    627  629  651
 629    625  649  628
 630    623  626  625
 631    611  624  618
 632    627  662  678
 633    617  647  612
 634    612  609  519
 635    646  663  640
 636    612  642  639
 637    644  648  638
 638    640  637  614
 639    646  615  636
 640    616  635  638
 641    2071  1949  646
 642    2071  636  645
 643    648  1962  661
 644    637  663  1952
 645    647  1959  642
 646    639  641  635
 647    -1  645  633
 648    643  664  637
 649    654  660  629
 650    664  653  611
 651    628  660  652
 652    651  658  662
 653    661  656  650
 654    656  649  626
 655    1964  1976  660
 656    654  653  659
 657    2013  665  658
 658    657  652  1976
 659    1964  656  1961
 660    651  649  655
 661    643  1966  653
 662    652  726  632
 663    644  635  1955
 664    648  650  613
 665    657  1948  726
 666    667  583  582
 667    677  674  666
 668    597  671  692
 669    671  674  679
 670    695  673  677
 671    583  669  668
 672    694  725  677
 673    621  678  670
 674    669  667  675
 675    674  725  696
 676    699  701  679
 677    667  670  672
 678    694  673  632
 679    676  692  669
 680    684  691  683
 681    597  684  593
 682    689  727  683
 683    685  680  682
 684    687  680  681
 685    593  683  596
 686    715  712  691
 687    684  692  690
 688    689  723  981
 689    691  688  682
 690    687  701  715
 691    680  686  689
 692    679  687  668
 693    727  867  596
 694    672  678  708
 695    670  582  579
 696    675  697  699
 697    707  704  696
 698    699  709  722
 699    696  698  676
 700    702  707  725
 701    711  690  676
 702    700  708  703
 703    1948  3873  702
 704    709  697  706
 705    3873  2037  707
 706    2024  704  2037
 707    697  700  705
 708    726  702  694
 709    704  728  698
 710    714  721  715
 711    722  714  701
 712    686  713  723
 713    712  721  718
 714    711  717  710
 715    690  710  686
 716    2319  2199  721
 717    2319  714  724
 718    730  713  719
 719    718  2199  2223
 720    2223  2213  897
 721    713  710  716
 722    724  711  698
 723    712  915  688
 724    2027  717  722
 725    672  700  675
 726    665  708  662
 727    682  862  693
 728    709  2024  2027
 729    585  622  621
 730    915  718  897
 731    410  758  733
 732    741  740  758
 733    738  742  731
 734    410  742  744
 735    757  740  736
 736    789  735  570
 737    738  739  755
 738    740  737  733
 739    757  788  737
 740    732  735  738
 741    732  559  570
 742    750  734  733
 743    747  746  744
 744    743  480  734
 745    792  746  803
 746    854  743  745
 747    751  743  754
 748    792  476  458
 749    753  778  752
 750    742  755  754
 751    803  747  798
 752    754  749  756
 753    755  774  749
 754    747  750  752
 755    750  737  753
 756    798  752  790
 757    735  759  739
 758    731  396  732
 759    757  764  762
 760    770  767  762
 761    762  785  788
 762    759  760  761
 763    771  770  764
 764    789  763  759
 765    853  770  766
 766    604  867  765
 767    772  760  768
 768    767  853  980
 769    772  870  783
 770    760  763  765
 771    604  763  600
 772    767  769  785
 773    777  784  778
 774    788  777  753
 775    776  786  851
 776    778  775  790
 777    780  773  774
 778    749  773  776
 779    783  782  780
 780    777  785  779
 781    787  946  828
 782    784  779  787
 783    769  884  779
 784    786  773  782
 785    772  780  761
 786    784  828  775
 787    782  874  781
 788    739  761  774
 789    736  565  764
 790    833  756  776
 791    794  796  792
 792    748  745  791
 793    794  817  812
 794    791  795  793
 795    802  794  803
 796    809  820  791
 797    801  802  798
 798    751  756  797
 799    817  802  804
 800    804  801  850
 801    833  800  797
 802    795  797  799
 803    751  795  745
 804    799  800  815
 805    808  810  809
 806    812  816  807
 807    808  806  1462
 808    1470  805  807
 809    812  805  796
 810    805  852  472
 811    814  816  817
 812    793  806  809
 813    816  1710  1465
 814    811  815  818
 815    819  814  804
 816    813  806  811
 817    811  793  799
 818    1710  814  848
 819    840  815  826
 820    796  472  476
 821    824  850  822
 822    851  821  833
 823    847  836  824
 824    821  825  823
 825    829  824  832
 826    819  850  836
 827    830  832  828
 828    786  781  827
 829    834  847  825
 830    827  831  834
 831    946  919  830
 832    825  851  827
 833    822  801  790
 834    830  849  829
 835    839  838  836
 836    823  835  826
 837    838  843  1518
 838    840  835  837
 839    843  835  841
 840    819  838  848
 841    839  846  844
 842    849  936  846
 843    839  1500  837
 844    841  845  985
 845    933  844  936
 846    847  842  841
 847    846  823  829
 848    818  840  1489
 849    834  922  842
 850    821  826  800
 851    822  775  832
 852    470  810  1143
 853    765  855  768
 854    408  746  458
 855    853  860  858
 856    866  863  858
 857    876  980  858
 858    855  856  857
 859    862  866  860
 860    867  859  855
 861    883  914  866
 862    727  981  859
 863    868  856  864
 864    863  914  890
 865    887  881  890
 866    856  859  861
 867    766  693  860
 868    881  876  863
 869    873  872  870
 870    980  869  769
 871    878  882  872
 872    884  869  871
 873    880  869  876
 874    787  884  918
 875    879  904  880
 876    857  868  873
 877    878  912  929
 878    880  877  871
 879    900  875  881
 880    873  875  878
 881    879  868  865
 882    924  918  871
 883    861  981  886
 884    783  872  874
 885    889  896  914
 886    883  915  889
 887    865  911  900
 888    890  896  893
 889    886  892  885
 890    864  888  865
 891    895  894  892
 892    889  897  891
 893    898  911  888
 894    896  891  983
 895    2213  2261  891
 896    888  885  894
 897    720  892  730
 898    893  983  2449
 899    903  902  900
 900    899  879  887
 901    908  916  902
 902    904  899  901
 903    905  899  910
 904    912  875  902
 905    903  909  908
 906    910  2449  2285
 907    913  977  908
 908    905  907  901
 909    2285  2275  905
 910    911  906  903
 911    910  887  893
 912    904  959  877
 913    2914  907  2275
 914    861  885  864
 915    730  886  723
 916    901  954  959
 917    921  946  918
 918    882  917  874
 919    831  920  922
 920    919  921  925
 921    928  920  917
 922    932  849  919
 923    945  976  926
 924    882  929  928
 925    930  943  920
 926    928  923  930
 927    952  938  930
 928    921  924  926
 929    924  877  945
 930    926  927  925
 931    934  936  932
 932    943  931  922
 933    944  1596  845
 934    931  935  944
 935    939  934  942
 936    845  842  931
 937    940  942  938
 938    937  927  966
 939    982  1947  935
 940    937  941  982
 941    974  940  964
 942    935  943  937
 943    942  932  925
 944    934  1595  933
 945    929  948  923
 946    781  917  831
 947    951  950  948
 948    945  959  947
 949    950  960  962
 950    976  947  949
 951    958  947  954
 952    927  976  962
 953    979  3404  958
 954    916  977  951
 955    957  2940  973
 956    958  957  960
 957    2930  955  956
 958    951  953  956
 959    916  948  912
 960    956  968  949
 961    965  966  962
 962    952  949  961
 963    964  972  969
 964    966  963  941
 965    968  972  961
 966    938  961  964
 967    975  970  973
 968    960  973  965
 969    963  1621  1626
 970    972  967  978
 971    3002  1644  2974
 972    963  965  970
 973    967  968  955
 974    1626  1615  941
 975    2974  967  2927
 976    923  950  952
 977    954  907  979
 978    970  1644  1621
 979    2913  953  977
 980    857  870  768
 981    862  688  883
 982    939  940  1591
 983    894  2259  898
 984    555  211  208
 985    844  1585  1500
 986    987  989  1013
 987    -1  308  986
 988    310  989  311
 989    986  988  998
 990    997  321  991
 991    994  990  342
 992    995  1001  998
 993    999  996  997
 994    1010  991  1012
 995    310  996  992
 996    316  993  995
 997    993  990  1005
 998    1003  989  992
 999    1002  1001  993
1000    1047  1050  1001
1001    999  1000  992
1002    1011  999  1005
1003    1050  1046  998
1004    1010  1006  1058
1005    997  1009  1002
1006    1056  1004  1008
1007    1057  1009  1052
1008    1012  1043  1006
1009    1007  1005  1010
1010    1004  1009  994
1011    1057  1047  1002
1012    1019  1008  994
1013    1049  -1  986
1014    1018  1029  1026
1015    350  1018  345
1016    1017  1028  1043
1017    1026  1016  354
1018    1015  1040  1014
1019    339  354  1012
1020    1107  1023  1021
1021    483  1020  434
1022    1025  1035  1040
1023    1044  1020  1027
1024    1135  1038  1107
1025    350  1044  1022
1026    348  1014  1017
1027    1035  1023  1038
1028    1030  1016  1029
1029    1014  1031  1028
1030    1079  1033  1028
1031    1029  1032  1041
1032    1039  1031  1040
1033    1087  1043  1030
1034    1037  1039  1035
1035    1022  1027  1034
1036    1038  1082  1037
1037    1105  1034  1036
1038    1024  1036  1027
1039    1045  1032  1034
1040    1022  1032  1018
1041    1031  1078  1079
1042    1231  1082  1135
1043    1033  1008  1016
1044    1023  1025  437
1045    1076  1039  1086
1046    1049  1003  1060
1047    1000  1011  1061
1048    1261  1051  1060
1049    1013  1046  1051
1050    1000  1065  1003
1051    1048  -1  1049
1052    1066  1007  1058
1053    1087  1054  1056
1054    1053  1070  1069
1055    1067  1058  1056
1056    1053  1055  1006
1057    1011  1007  1059
1058    1055  1052  1004
1059    1064  1057  1072
1060    1235  1048  1046
1061    1064  1063  1047
1062    1238  1064  1247
1063    1061  1238  1236
1064    1061  1059  1062
1065    1235  1050  1236
1066    1052  1071  1072
1067    1069  1071  1055
1068    1069  1241  1242
1069    1054  1068  1067
1070    1073  1054  1074
1071    1239  1066  1067
1072    1066  1244  1059
1073    1241  1070  1267
1074    1094  1070  1104
1075    1079  1090  1104
1076    1077  1078  1045
1077    1076  1096  1093
1078    1041  1076  1080
1079    1041  1075  1030
1080    1078  1093  1090
1081    1085  1084  1082
1082    1036  1042  1081
1083    1088  1096  1086
1084    1105  1081  1088
1085    1101  1081  1103
1086    1045  1105  1083
1087    1053  1033  1104
1088    1083  1084  1095
1089    1092  1094  1090
1090    1080  1089  1075
1091    1092  1093  1263
1092    1292  1089  1091
1093    1080  1077  1091
1094    1074  1089  1106
1095    1097  1088  1101
1096    1077  1083  1100
1097    1269  1274  1095
1098    1101  1099  1102
1099    1197  1187  1098
1100    1274  1263  1096
1101    1085  1098  1095
1102    1269  1098  1272
1103    1231  1197  1085
1104    1087  1075  1074
1105    1086  1037  1084
1106    1265  1267  1094
1107    1109  1024  1020
1108    1125  1109  1121
1109    1107  1110  1108
1110    483  1118  1109
1111    1121  1118  1119
1112    1134  1115  1166
1113    440  445  1117
1114    1116  1132  1115
1115    1117  1112  1114
1116    1165  1130  1114
1117    1119  1113  1115
1118    440  1111  1110
1119    1111  1117  1127
1120    1124  1122  1121
1121    1108  1111  1120
1122    1123  1120  1169
1123    1173  1125  1122
1124    1131  1120  1127
1125    1135  1108  1123
1126    1129  1133  1132
1127    1119  1132  1124
1128    1129  1167  1175
1129    1126  1130  1128
1130    1116  1155  1129
1131    1133  1180  1124
1132    1126  1127  1114
1133    1174  1131  1126
1134    1141  1165  1112
1135    1042  1024  1125
1136    1139  1141  1137
1137    1148  1136  479
1138    1154  1165  1139
1139    1136  1140  1138
1140    1144  1162  1139
1141    1134  1232  1136
1142    1145  1147  1143
1143    1470  1142  852
1144    1147  1157  1140
1145    1142  1230  1149
1146    1477  1164  1160
1147    1144  1148  1142
1148    1137  470  1147
1149    1145  1160  1157
1150    1167  1155  1153
1151    1162  1161  1153
1152    1153  1163  1210
1153    1150  1151  1152
1154    1162  1155  1138
1155    1130  1154  1150
1156    1163  1161  1159
1157    1144  1149  1161
1158    1228  1205  1159
1159    1156  1160  1158
1160    1146  1159  1149
1161    1151  1157  1156
1162    1151  1154  1140
1163    1156  1209  1152
1164    1487  1228  1146
1165    1116  1134  1138
1166    475  1112  445
1167    1128  1150  1199
1168    1172  1171  1169
1169    1180  1168  1122
1170    1182  1197  1171
1171    1173  1168  1170
1172    1181  1183  1168
1173    1231  1123  1171
1174    1177  1133  1175
1175    1178  1174  1128
1176    1177  1194  1189
1177    1179  1174  1176
1178    1196  1194  1175
1179    1181  1180  1177
1180    1169  1131  1179
1181    1179  1186  1172
1182    1229  1170  1183
1183    1185  1182  1172
1184    1185  1186  1346
1185    1402  1183  1184
1186    1184  1181  1189
1187    1229  1343  1099
1188    1191  1195  1194
1189    1176  1193  1186
1190    1191  1214  1349
1191    1188  1192  1190
1192    1196  1227  1191
1193    1195  1354  1189
1194    1176  1178  1188
1195    1348  1193  1188
1196    1199  1192  1178
1197    1099  1103  1170
1198    1202  1200  1210
1199    1167  1203  1196
1200    1198  1216  1201
1201    1227  1203  1200
1202    1206  1198  1209
1203    1201  1199  1210
1204    1459  1211  1228
1205    1158  1207  1209
1206    1224  1219  1202
1207    1224  1205  1211
1208    1539  1222  1549
1209    1163  1205  1202
1210    1203  1152  1198
1211    1207  1204  1222
1212    1215  1217  1216
1213    1219  1223  1233
1214    1217  1373  1190
1215    1384  1212  1233
1216    1219  1212  1200
1217    1227  1212  1214
1218    1221  1223  1224
1219    1206  1213  1216
1220    1458  1379  1223
1221    1218  1222  1225
1222    1208  1221  1211
1223    1220  1213  1218
1224    1218  1206  1207
1225    1221  1226  1458
1226    1583  1382  1225
1227    1192  1201  1217
1228    1164  1204  1158
1229    1187  1182  1342
1230    1461  1946  1145
1231    1103  1042  1173
1232    475  464  1141
1233    1376  1215  1213
1234    1235  1237  1248
1235    1060  1065  1234
1236    1063  1251  1065
1237    1234  1251  1295
1238    1246  1063  1062
1239    1242  1243  1071
1240    1256  1255  1242
1241    1068  1073  1245
1242    1240  1239  1068
1243    1239  1255  1253
1244    1072  1253  1247
1245    1256  1241  1258
1246    1300  1238  1305
1247    1244  1250  1062
1248    1234  1297  1249
1249    1261  1248  1298
1250    1247  1303  1305
1251    1237  1236  1300
1252    1303  1253  1302
1253    1243  1252  1244
1254    1316  1256  1327
1255    1257  1243  1240
1256    1240  1245  1254
1257    1255  1316  1302
1258    1259  1245  1260
1259    1327  1258  1315
1260    1291  1258  1267
1261    -1  1048  1249
1262    1266  1277  1292
1263    1100  1266  1091
1264    1276  1291  1265
1265    1292  1264  1106
1266    1263  1288  1262
1267    1073  1106  1260
1268    1271  1275  1269
1269    1102  1268  1097
1270    1290  1283  1271
1271    1268  1272  1270
1272    1271  1102  1343
1273    1275  1288  1274
1274    1273  1100  1097
1275    1273  1268  1282
1276    1278  1264  1277
1277    1262  1279  1276
1278    1322  1318  1276
1279    1277  1280  1289
1280    1287  1279  1288
1281    1315  1291  1318
1282    1287  1275  1283
1283    1270  1285  1282
1284    1340  1326  1287
1285    1340  1283  1293
1286    1290  1457  1293
1287    1284  1280  1282
1288    1273  1280  1266
1289    1324  1322  1279
1290    1371  1286  1270
1291    1281  1260  1264
1292    1265  1092  1262
1293    1325  1285  1286
1294    1297  -1  1296
1295    1309  1307  1237
1296    1298  1294  -1
1297    1307  1294  1248
1298    -1  1249  1296
1299    1305  1313  1308
1300    1251  1246  1304
1301    1310  1313  1303
1302    1252  1257  1306
1303    1252  1301  1250
1304    1309  1300  1308
1305    1246  1250  1299
1306    1302  1311  1312
1307    1295  -1  1297
1308    1304  1299  -1
1309    1304  -1  1295
1310    1301  1312  -1
1311    1306  1314  -1
1312    1306  -1  1310
1313    1301  -1  1299
1314    1339  1311  1316
1315    1281  1317  1259
1316    1257  1254  1314
1317    1315  1331  1329
1318    1278  1319  1281
1319    1323  1331  1318
1320    1327  1329  1339
1321    1340  1328  1333
1322    1278  1289  1323
1323    1319  1322  1330
1324    1289  1326  1337
1325    1341  1328  1293
1326    1324  1284  1332
1327    1254  1259  1320
1328    1325  1335  1321
1329    1317  -1  1320
1330    1337  -1  1323
1331    -1  1317  1319
1332    1336  1326  1333
1333    1321  1334  1332
1334    1333  1335  -1
1335    1338  1334  1328
1336    -1  1337  1332
1337    1324  1336  1330
1338    -1  1335  1409
1339    -1  1314  1320
1340    1321  1284  1285
1341    1409  1325  1428
1342    1347  1229  1402
1343    1187  1371  1272
1344    1345  1346  1363
1345    1357  1402  1344
1346    1344  1184  1354
1347    1357  1356  1342
1348    1350  1195  1349
1349    1190  1351  1348
1350    1348  1366  1353
1351    1349  1352  1355
1352    1401  1351  1373
1353    1350  1368  1354
1354    1353  1346  1193
1355    1366  1351  1370
1356    1358  1371  1347
1357    1345  1359  1347
1358    1405  1457  1356
1359    1405  1357  1361
1360    1367  1361  1363
1361    1359  1360  1415
1362    1365  1369  1368
1363    1344  1368  1360
1364    1365  1455  1416
1365    1362  1366  1364
1366    1355  1365  1350
1367    1369  1411  1360
1368    1362  1363  1353
1369    1367  1362  1410
1370    1391  1355  1387
1371    1290  1343  1356
1372    1384  1377  1401
1373    1214  1384  1352
1374    1375  1380  1393
1375    1377  1376  1374
1376    1375  1233  1379
1377    1375  1389  1372
1378    1382  1381  1458
1379    1220  1383  1376
1380    1383  1398  1374
1381    1383  1378  1385
1382    1226  1826  1378
1383    1380  1379  1381
1384    1372  1373  1215
1385    1381  1400  1398
1386    1389  1399  1387
1387    1401  1386  1370
1388    1390  1441  1436
1389    1377  1390  1386
1390    1389  1393  1388
1391    1370  1430  1455
1392    1395  1397  1398
1393    1374  1397  1390
1394    1397  1439  1441
1395    1392  1396  1403
1396    1400  1739  1395
1397    1394  1393  1392
1398    1392  1380  1385
1399    1386  1436  1430
1400    1715  1396  1385
1401    1352  1372  1387
1402    1345  1342  1185
1403    1395  1456  1439
1404    1408  1407  1405
1405    1358  1359  1404
1406    1420  1418  1407
1407    1428  1404  1406
1408    1417  1404  1415
1409    1341  1418  1338
1410    1412  1369  1416
1411    1367  1413  1415
1412    1410  1422  1413
1413    1426  1411  1412
1414    1422  1416  1427
1415    1361  1411  1408
1416    1364  1414  1410
1417    1419  1420  1408
1418    1406  -1  1409
1419    1426  -1  1417
1420    -1  1406  1417
1421    1423  1425  1422
1422    1412  1414  1421
1423    1421  1424  -1
1424    1427  1454  1423
1425    -1  1426  1421
1426    1413  1425  1419
1427    1434  1424  1414
1428    1407  1341  1457
1429    1433  1432  1430
1430    1399  1429  1391
1431    1432  1443  1454
1432    1434  1429  1431
1433    1442  1429  1440
1434    1427  1455  1432
1435    1438  1444  1440
1436    1399  1388  1440
1437    1439  1448  1452
1438    1452  1435  1441
1439    1403  1437  1394
1440    1433  1436  1435
1441    1388  1394  1438
1442    1433  1445  1443
1443    -1  1431  1442
1444    1446  1445  1435
1445    1444  -1  1442
1446    -1  1444  1451
1447    1450  1449  1448
1448    1437  1453  1447
1449    1451  1447  -1
1450    -1  1447  1790
1451    1446  1452  1449
1452    1437  1451  1438
1453    1456  1797  1448
1454    -1  1424  1431
1455    1434  1364  1391
1456    1777  1453  1403
1457    1358  1428  1286
1458    1378  1220  1225
1459    1204  1521  1549
1460    1462  1463  1461
1461    1230  1470  1460
1462    1465  1460  807
1463    1460  1471  1473
1464    1486  1467  1710
1465    813  1469  1462
1466    1468  1484  1467
1467    1469  1464  1466
1468    1517  1466  1486
1469    1471  1465  1467
1470    808  1461  1143
1471    1469  1479  1463
1472    1476  1475  1473
1473    1946  1463  1472
1474    1475  1485  1487
1475    1477  1472  1474
1476    1483  1472  1479
1477    1946  1475  1146
1478    1482  1481  1484
1479    1471  1484  1476
1480    1481  1504  1532
1481    1483  1478  1480
1482    1504  1478  1507
1483    1485  1476  1481
1484    1478  1479  1466
1485    1483  1524  1474
1486    1493  1468  1464
1487    1521  1164  1474
1488    1492  1499  1491
1489    848  1518  1493
1490    1491  1503  1517
1491    1493  1488  1490
1492    1495  1488  1518
1493    1486  1489  1491
1494    1516  1497  1495
1495    1492  1500  1494
1496    1498  1514  1497
1497    1499  1494  1496
1498    1709  1589  1496
1499    1501  1488  1497
1500    1495  843  985
1501    1499  1513  1503
1502    1506  1505  1503
1503    1501  1502  1490
1504    1482  1527  1480
1505    1507  1502  1515
1506    1519  1502  1509
1507    1517  1505  1482
1508    1512  1510  1514
1509    1506  1513  1511
1510    1508  1582  1511
1511    1580  1509  1510
1512    1589  1613  1508
1513    1514  1509  1501
1514    1513  1496  1508
1515    1505  1562  1527
1516    1585  1709  1494
1517    1468  1490  1507
1518    1489  837  1492
1519    1506  1557  1562
1520    1524  1522  1521
1521    1487  1520  1459
1522    1535  1549  1520
1523    1525  1531  1528
1524    1531  1520  1485
1525    1523  1541  1535
1526    1548  1529  1527
1527    1515  1526  1504
1528    1533  1523  1529
1529    1532  1526  1528
1530    1579  1544  1533
1531    1532  1523  1524
1532    1529  1531  1480
1533    1530  1546  1528
1534    1537  1539  1535
1535    1525  1534  1522
1536    1721  1713  1537
1537    1534  1538  1536
1538    1545  1537  1541
1539    1208  1534  1583
1540    1543  1547  1546
1541    1525  1546  1538
1542    1543  1581  1770
1543    1540  1544  1542
1544    1530  1569  1543
1545    1547  1722  1538
1546    1541  1533  1540
1547    1545  1540  1717
1548    1551  1579  1526
1549    1459  1522  1208
1550    1553  1555  1551
1551    1548  1562  1550
1552    1553  1576  1571
1553    1550  1554  1552
1554    1561  1553  1557
1555    1565  1579  1550
1556    1560  1561  1580
1557    1519  1580  1554
1558    1576  1561  1563
1559    1563  1560  1675
1560    1556  1582  1559
1561    1554  1556  1558
1562    1519  1551  1515
1563    1558  1559  1574
1564    1581  1569  1567
1565    1571  1569  1555
1566    1567  1747  1741
1567    1564  1568  1566
1568    1575  1567  1571
1569    1544  1565  1564
1570    1573  1575  1576
1571    1552  1568  1565
1572    1573  1828  1752
1573    1570  1574  1572
1574    1578  1573  1563
1575    1577  1568  1570
1576    1570  1552  1558
1577    1575  1752  1747
1578    1662  1574  1665
1579    1530  1548  1555
1580    1511  1556  1557
1581    1542  1564  1740
1582    1651  1560  1510
1583    1713  1226  1539
1584    1588  1587  1596
1585    985  1596  1516
1586    1587  1610  1603
1587    1709  1584  1586
1588    1592  1584  1595
1589    1498  1603  1512
1590    1593  1947  1591
1591    1615  1590  982
1592    1597  1610  1588
1593    1590  1612  1597
1594    1643  1605  1612
1595    944  1947  1588
1596    1585  933  1584
1597    1592  1593  1604
1598    1602  1601  1599
1599    1610  1609  1598
1600    1646  1613  1601
1601    1603  1598  1600
1602    1611  1598  1607
1603    1589  1586  1601
1604    1609  1597  1605
1605    1594  1608  1604
1606    1658  1607  1630
1607    1609  1606  1602
1608    1633  1630  1605
1609    1599  1604  1607
1610    1592  1599  1586
1611    1657  1647  1602
1612    1619  1594  1593
1613    1512  1600  1651
1614    1618  1617  1626
1615    1619  1591  974
1616    1629  1643  1617
1617    1619  1614  1616
1618    1627  1614  1625
1619    1612  1615  1617
1620    1642  1623  1644
1621    978  1625  969
1622    1624  1640  1623
1623    1625  1620  1622
1624    2978  1635  1622
1625    1618  1621  1623
1626    974  969  1614
1627    1640  1629  1618
1628    1632  1631  1629
1629    1627  1628  1616
1630    1608  1683  1606
1631    1633  1628  1641
1632    1645  1628  1637
1633    1643  1631  1608
1634    1638  1639  1635
1635    1634  1624  3036
1636    1637  1706  1688
1637    1639  1636  1632
1638    1945  1706  1634
1639    1640  1634  1637
1640    1639  1627  1622
1641    1631  1677  1683
1642    1620  3002  2978
1643    1594  1616  1633
1644    1620  978  971
1645    1632  1688  1677
1646    1649  1600  1647
1647    1650  1646  1611
1648    1649  1659  1675
1649    1651  1646  1648
1650    1659  1647  1653
1651    1613  1649  1582
1652    1656  1654  1658
1653    1650  1657  1655
1654    1652  1667  1655
1655    1672  1653  1654
1656    1705  1652  1683
1657    1658  1653  1611
1658    1657  1606  1652
1659    1650  1661  1648
1660    1663  1665  1661
1661    1671  1660  1659
1662    1944  1828  1578
1663    1944  1660  1707
1664    1668  1707  1671
1665    1675  1660  1578
1666    1670  1669  1667
1667    1654  1674  1666
1668    1673  1839  1664
1669    1672  1666  1673
1670    1695  1666  1681
1671    1661  1672  1664
1672    1671  1655  1669
1673    1668  1669  1887
1674    1681  1667  1705
1675    1559  1648  1665
1676    1679  1705  1677
1677    1645  1676  1641
1678    1697  1691  1679
1679    1676  1680  1678
1680    1684  1679  1687
1681    1670  1674  1691
1682    1704  1685  1706
1683    1630  1641  1656
1684    1702  1697  1680
1685    1687  1682  1689
1686    3164  1700  1689
1687    1680  1688  1685
1688    1636  1687  1645
1689    1685  1686  1702
1690    1693  1711  1691
1691    1678  1690  1681
1692    1858  1861  1693
1693    1690  1694  1692
1694    1701  1693  1697
1695    1711  1887  1670
1696    1699  1698  1702
1697    1678  1684  1694
1698    1696  1864  1701
1699    1696  1700  1703
1700    1686  3280  1699
1701    1698  1869  1694
1702    1684  1689  1696
1703    1699  1708  1864
1704    1682  2992  3164
1705    1656  1676  1674
1706    1682  1636  1638
1707    1663  1664  1838
1708    3180  1867  1703
1709    1516  1587  1498
1710    818  1464  813
1711    1857  1695  1690
1712    1714  1826  1713
1713    1536  1712  1583
1714    1721  1718  1712
1715    1400  1826  1724
1716    1720  1719  1717
1717    1770  1716  1547
1718    1723  1725  1714
1719    1722  1716  1723
1720    1736  1716  1738
1721    1536  1722  1714
1722    1721  1545  1719
1723    1719  1731  1718
1724    1726  1715  1725
1725    1718  1727  1724
1726    1773  1739  1724
1727    1725  1728  1729
1728    1735  1727  1731
1729    1773  1727  1783
1730    1734  1733  1736
1731    1723  1736  1728
1732    1733  1784  1779
1733    1735  1730  1732
1734    1759  1730  1769
1735    1737  1728  1733
1736    1730  1731  1720
1737    1735  1779  1783
1738    1769  1720  1745
1739    1726  1777  1396
1740    1743  1581  1741
1741    1744  1740  1566
1742    1755  1743  1744
1743    1745  1740  1742
1744    1741  1753  1742
1745    1738  1770  1743
1746    1768  1749  1752
1747    1577  1751  1566
1748    1766  1761  1749
1749    1751  1746  1748
1750    1943  1766  1768
1751    1753  1747  1749
1752    1746  1577  1572
1753    1744  1751  1758
1754    1757  1767  1755
1755    1769  1742  1754
1756    1757  1771  1824
1757    1754  1758  1756
1758    1757  1753  1761
1759    1767  1784  1734
1760    1825  1763  1766
1761    1748  1765  1758
1762    1810  1805  1763
1763    1765  1760  1762
1764    1914  1810  1825
1765    1771  1761  1763
1766    1760  1748  1750
1767    1759  1754  1799
1768    1832  1750  1746
1769    1734  1738  1755
1770    1745  1717  1542
1771    1756  1765  1809
1772    1776  1775  1773
1773    1729  1772  1726
1774    1786  1797  1775
1775    1777  1772  1774
1776    1780  1787  1772
1777    1739  1775  1456
1778    1782  1795  1781
1779    1737  1732  1781
1780    1783  1785  1776
1781    1779  1778  1785
1782    1796  1823  1778
1783    1729  1737  1780
1784    1759  1796  1732
1785    1781  1791  1780
1786    1788  1774  1787
1787    1776  1789  1786
1788    1790  1786  -1
1789    -1  1787  1791
1790    1797  1788  1450
1791    1789  1785  1792
1792    -1  1791  1795
1793    1795  1794  -1
1794    1813  -1  1793
1795    1793  1792  1778
1796    1784  1803  1782
1797    1774  1790  1453
1798    1802  1800  1824
1799    1767  1824  1803
1800    1801  1798  1817
1801    1823  1803  1800
1802    1806  1798  1809
1803    1796  1799  1801
1804    1808  1811  1810
1805    1762  1807  1809
1806    1821  1817  1802
1807    1821  1805  1811
1808    1907  1804  1894
1809    1771  1805  1802
1810    1804  1762  1764
1811    1819  1807  1804
1812    1814  -1  1813
1813    1823  1812  1794
1814    1812  1815  -1
1815    1820  1814  1817
1816    1818  1820  1821
1817    1800  1806  1815
1818    1816  1819  -1
1819    1822  1818  1811
1820    -1  1815  1816
1821    1816  1806  1807
1822    -1  1819  1907
1823    1782  1801  1813
1824    1798  1799  1756
1825    1846  1764  1760
1826    1715  1382  1712
1827    1831  1830  1944
1828    1662  1832  1572
1829    1830  1842  1943
1830    1832  1827  1829
1831    1837  1827  1838
1832    1768  1828  1830
1833    1840  1839  1834
1834    1887  1886  1833
1835    1853  1836  1848
1836    1839  1835  1838
1837    1831  1853  1842
1838    1707  1836  1831
1839    1836  1668  1833
1840    1833  1855  1848
1841    1844  1856  1842
1842    1829  1837  1841
1843    1844  1890  1889
1844    1841  1845  1843
1845    1852  1844  1853
1846    1825  1943  1856
1847    1850  1852  1848
1848    1835  1840  1847
1849    1852  1901  1890
1850    1847  1851  1854
1851    1855  1876  1850
1852    1849  1845  1847
1853    1835  1845  1837
1854    1901  1850  1896
1855    1862  1851  1840
1856    1841  1892  1846
1857    1886  1711  1861
1858    1869  1859  1692
1859    1881  1858  1878
1860    1872  1861  1881
1861    1860  1857  1692
1862    1855  1886  1872
1863    1866  1868  1864
1864    1698  1703  1863
1865    1942  1883  1866
1866    1863  1867  1865
1867    1708  3190  1866
1868    1870  1869  1863
1869    1858  1701  1868
1870    1868  1883  1878
1871    1874  1876  1872
1872    1862  1860  1871
1873    1874  1916  1927
1874    1871  1875  1873
1875    1882  1874  1881
1876    1884  1851  1871
1877    1880  1882  1878
1878    1870  1877  1859
1879    1883  1922  1880
1880    1941  1877  1879
1881    1859  1875  1860
1882    1888  1875  1877
1883    1870  1865  1879
1884    1896  1876  1927
1885    3249  1922  1942
1886    1834  1857  1862
1887    1695  1834  1673
1888    1916  1882  1926
1889    1892  1843  1891
1890    1893  1843  1849
1891    1904  1889  1912
1892    1856  1889  1914
1893    1890  1902  1912
1894    1808  1914  1904
1895    1899  1898  1896
1896    1854  1884  1895
1897    1913  1911  1898
1898    1900  1895  1897
1899    1940  1895  1920
1900    1902  1901  1898
1901    1900  1849  1854
1902    1893  1900  1910
1903    1906  1905  1904
1904    1894  1891  1903
1905    1907  1903  -1
1906    -1  1903  1909
1907    1808  1905  1822
1908    1910  -1  1909
1909    1906  1912  1908
1910    1902  1911  1908
1911    -1  1910  1897
1912    1893  1909  1891
1913    -1  1897  1940
1914    1894  1764  1892
1915    1919  1918  1916
1916    1888  1915  1873
1917    1931  1929  1918
1918    1920  1915  1917
1919    1923  1930  1915
1920    1899  1927  1918
1921    1939  1924  1922
1922    1879  1885  1921
1923    1926  1934  1919
1924    1941  1921  1928
1925    3228  1938  1939
1926    1888  1941  1923
1927    1873  1920  1884
1928    1924  1938  1934
1929    -1  1940  1917
1930    1932  1931  1919
1931    1930  -1  1917
1932    -1  1930  1937
1933    1936  1935  1938
1934    1923  1928  1937
1935    1937  1933  -1
1936    -1  1933  3238
1937    1932  1934  1935
1938    1933  1928  1925
1939    1921  3223  1925
1940    1913  1899  1929
1941    1926  1880  1924
1942    1865  3177  1885
1943    1829  1846  1750
1944    1662  1663  1827
1945    1638  2990  2992
1946    1473  1477  1230
1947    1595  939  1590
1948    665  2008  703
1949    641  1953  1951
1950    1958  1975  2071
1951    1955  1949  1956
1952    644  1960  1962
1953    1982  1949  1975
1954    -1  1989  1958
1955    663  1951  1957
1956    1951  1982  1977
1957    1955  1981  1960
1958    1959  1954  1950
1959    -1  1958  645
1960    1957  2006  1952
1961    1972  659  1966
1962    1952  1965  643
1963    1970  1974  1964
1964    659  1963  655
1965    1973  1968  1962
1966    1961  661  1968
1967    1971  1996  1972
1968    1966  1965  1971
1969    1994  2004  1970
1970    1972  1969  1963
1971    1968  1992  1967
1972    1961  1967  1970
1973    2006  1979  1965
1974    1963  2068  2020
1975    1988  1953  1950
1976    2020  658  655
1977    1956  1983  1981
1978    1982  2070  2194
1979    1973  2003  1992
1980    2006  1985  1990
1981    1985  1957  1977
1982    1953  1978  1956
1983    2075  1977  2194
1984    -1  2082  1989
1985    1980  1981  1986
1986    1985  2075  2074
1987    2083  1990  2074
1988    1989  2070  1975
1989    1984  1988  1954
1990    1987  2003  1980
1991    1995  1997  1996
1992    1979  1995  1971
1993    1998  2000  1994
1994    1996  1993  1969
1995    2002  1991  1992
1996    1991  1994  1967
1997    2088  1998  1991
1998    1993  1997  2099
1999    2050  2089  2045
2000    1993  2001  2007
2001    2087  2089  2000
2002    1995  2005  2085
2003    1990  2005  1979
2004    2007  2068  1969
2005    2003  2096  2002
2006    1980  1973  1960
2007    2004  2000  2050
2008    1948  2009  2011
2009    2019  2008  2013
2010    2023  3873  2011
2011    2008  2012  2010
2012    2021  2011  2017
2013    2009  657  2015
2014    2018  2067  2019
2015    2013  2020  2018
2016    2043  2053  2021
2017    2019  2036  2012
2018    2039  2014  2015
2019    2009  2014  2017
2020    1974  2015  1976
2021    2016  2034  2012
2022    2026  2037  2023
2023    2034  2022  2010
2024    706  2025  728
2025    2024  2026  2030
2026    2028  2025  2022
2027    2197  724  728
2028    2026  2033  2031
2029    2057  2054  2031
2030    2035  2206  2025
2031    2028  2029  2035
2032    2033  2053  2057
2033    2034  2032  2028
2034    2033  2023  2021
2035    2030  2031  2236
2036    2017  2041  2043
2037    705  2022  706
2038    2042  2049  2067
2039    2018  2068  2042
2040    2044  2047  2041
2041    2067  2040  2036
2042    2050  2038  2039
2043    2016  2036  2051
2044    2040  2049  2066
2045    2049  1999  2160
2046    2136  2064  2134
2047    2040  2048  2051
2048    2047  2131  2134
2049    2045  2044  2038
2050    1999  2042  2007
2051    2064  2043  2047
2052    2059  2063  2057
2053    2016  2056  2032
2054    2069  2029  2055
2055    2054  2063  2060
2056    2053  2064  2059
2057    2032  2052  2029
2058    2062  2150  2061
2059    2052  2056  2062
2060    2055  2158  2254
2061    2063  2058  2065
2062    2059  2136  2058
2063    2055  2052  2061
2064    2046  2056  2051
2065    2061  2148  2158
2066    2044  2132  2131
2067    2014  2038  2041
2068    2004  2039  1974
2069    2236  2054  2231
2070    1988  2081  1978
2071    642  1950  641
2072    2098  2129  2075
2073    2194  2076  2098
2074    2079  1987  1986
2075    1983  2072  1986
2076    2081  2080  2073
2077    2105  2081  2082
2078    2102  2119  2083
2079    2074  2129  2102
2080    2100  2076  2107
2081    2070  2077  2076
2082    2101  2077  1984
2083    1987  2078  2096
2084    2095  2092  2099
2085    2090  2088  2002
2086    2087  2092  2116
2087    2099  2086  2001
2088    2095  1997  2085
2089    1999  2001  2097
2090    2114  2085  2115
2091    2114  2118  2095
2092    2086  2084  2120
2093    2097  2116  2127
2094    2115  2096  2119
2095    2088  2091  2084
2096    2094  2005  2083
2097    2143  2089  2093
2098    2111  2072  2073
2099    2084  2087  1998
2100    2111  2080  2106
2101    2082  -1  2112
2102    2113  2078  2079
2103    2129  2108  2110
2104    2105  2112  2451
2105    2104  2107  2077
2106    2452  2450  2100
2107    2105  2448  2080
2108    2103  2111  2109
2109    2108  2450  2453
2110    2113  2103  2459
2111    2098  2100  2108
2112    2508  2104  2101
2113    2110  2911  2102
2114    2125  2091  2090
2115    2124  2090  2094
2116    2093  2086  2117
2117    2116  2122  2128
2118    2120  2091  2126
2119    2094  2078  2121
2120    2092  2118  2122
2121    2911  2467  2119
2122    2117  2120  2123
2123    2122  2465  2477
2124    2462  2115  2467
2125    2114  2462  2464
2126    2464  2465  2118
2127    2130  2191  2093
2128    2117  2475  2130
2129    2072  2103  2079
2130    2127  2128  2539
2131    2048  2066  2135
2132    2142  2066  2160
2133    2134  2140  2144
2134    2048  2133  2046
2135    2137  2140  2131
2136    2062  2046  2157
2137    2135  2142  2159
2138    2142  2173  2166
2139    2144  2164  2190
2140    2135  2141  2133
2141    2140  2161  2164
2142    2138  2137  2132
2143    2173  2160  2097
2144    2139  2157  2133
2145    2150  2149  2148
2146    2157  2156  2150
2147    2154  2192  2148
2148    2145  2147  2065
2149    2151  2145  2156
2150    2058  2146  2145
2151    2149  2155  2154
2152    2156  2190  2180
2153    2178  2195  2154
2154    2151  2153  2147
2155    2180  2175  2151
2156    2146  2152  2149
2157    2144  2146  2136
2158    2065  2380  2060
2159    2162  2161  2137
2160    2143  2132  2045
2161    2159  2165  2141
2162    2170  2159  2166
2163    2164  2174  2187
2164    2141  2163  2139
2165    2193  2161  2169
2166    2167  2162  2138
2167    2166  2172  2171
2168    2172  2539  2510
2169    2515  2165  2170
2170    2169  2162  2171
2171    2167  2513  2170
2172    2191  2168  2167
2173    2138  2143  2191
2174    2163  2193  2573
2175    2155  2179  2178
2176    2186  2181  2180
2177    2178  2188  2446
2178    2175  2177  2153
2179    2183  2175  2181
2180    2176  2155  2152
2181    2176  2185  2179
2182    2573  2524  2186
2183    2179  2184  2188
2184    2183  2526  2529
2185    2526  2181  2524
2186    2187  2182  2176
2187    2163  2186  2190
2188    2183  2189  2177
2189    2188  2684  2357
2190    2139  2187  2152
2191    2172  2173  2127
2192    2147  2332  2380
2193    2174  2165  2523
2194    1983  1978  2073
2195    2332  2153  2362
2196    2198  2202  2319
2197    2206  2198  2027
2198    2197  2203  2196
2199    719  716  2209
2200    2205  2222  2203
2201    2236  2253  2205
2202    2220  2209  2196
2203    2200  2207  2198
2204    2207  2224  2229
2205    2206  2201  2200
2206    2205  2197  2030
2207    2203  2204  2220
2208    2212  2211  2209
2209    2199  2202  2208
2210    2217  2221  2211
2211    2223  2208  2210
2212    2214  2208  2219
2213    720  2221  895
2214    2212  2218  2217
2215    2229  2243  2219
2216    2217  2255  2268
2217    2214  2216  2210
2218    2240  2214  2243
2219    2220  2215  2212
2220    2207  2219  2202
2221    2263  2213  2210
2222    2253  2224  2200
2223    720  719  2211
2224    2204  2222  2227
2225    2228  2235  2227
2226    2227  2237  2239
2227    2224  2225  2226
2228    2231  2225  2253
2229    2215  2204  2239
2230    2234  2445  2235
2231    2069  2254  2228
2232    2235  2233  2237
2233    2232  2445  2322
2234    2254  2321  2230
2235    2225  2230  2232
2236    2069  2201  2035
2237    2232  2250  2226
2238    2242  2249  2243
2239    2229  2226  2242
2240    2255  2218  2241
2241    2240  2249  2251
2242    2239  2245  2238
2243    2218  2215  2238
2244    2252  2247  2245
2245    2242  2250  2244
2246    2248  2316  2247
2247    2249  2244  2246
2248    2349  2246  2339
2249    2241  2238  2247
2250    2318  2245  2237
2251    2316  2293  2241
2252    2335  2339  2244
2253    2228  2222  2201
2254    2060  2234  2231
2255    2240  2298  2216
2256    2261  2260  2259
2257    2263  2267  2261
2258    2259  2269  2271
2259    2256  2258  983
2260    2265  2256  2267
2261    2257  2256  895
2262    2284  2315  2267
2263    2221  2268  2257
2264    2282  2266  2305
2265    2260  2266  2269
2266    2265  2315  2264
2267    2257  2262  2260
2268    2263  2216  2284
2269    2265  2277  2258
2270    2274  2273  2271
2271    2449  2258  2270
2272    2273  2283  2923
2273    2285  2270  2272
2274    2281  2270  2277
2275    909  2923  913
2276    2280  2279  2282
2277    2269  2282  2274
2278    2279  2317  2971
2279    2281  2276  2278
2280    2303  2276  2300
2281    2283  2274  2279
2282    2276  2277  2264
2283    2272  2281  2971
2284    2268  2291  2262
2285    906  2273  909
2286    2290  2289  2287
2287    2293  2297  2286
2288    2301  2315  2289
2289    2291  2286  2288
2290    2299  2286  2295
2291    2284  2298  2289
2292    2314  2297  2316
2293    2251  2287  2298
2294    2299  2387  2411
2295    2297  2296  2290
2296    2383  2387  2295
2297    2287  2292  2295
2298    2293  2291  2255
2299    2294  2312  2290
2300    2280  2305  2304
2301    2312  2305  2288
2302    2311  2308  2303
2303    2280  2302  2317
2304    2311  2300  2307
2305    2301  2300  2264
2306    2310  2401  2309
2307    2304  2312  2310
2308    2302  3161  2953
2309    2311  2306  2313
2310    2307  2411  2306
2311    2302  2304  2309
2312    2307  2301  2299
2313    3161  2309  2409
2314    2336  2383  2292
2315    2266  2262  2288
2316    2251  2246  2292
2317    2942  2278  2303
2318    2325  2335  2250
2319    2196  716  717
2320    2324  2331  2445
2321    2234  2380  2324
2322    2233  2323  2325
2323    2322  2331  2328
2324    2321  2327  2320
2325    2318  2322  2333
2326    2348  2379  2331
2327    2324  2332  2348
2328    2323  2329  2333
2329    2328  2379  2352
2330    2355  2346  2352
2331    2320  2326  2323
2332    2327  2192  2195
2333    2346  2325  2328
2334    2339  2345  2337
2335    2318  2338  2252
2336    2314  2349  2394
2337    2349  2334  2342
2338    2341  2345  2335
2339    2252  2334  2248
2340    2344  2369  2343
2341    2338  2346  2344
2342    2347  2337  2343
2343    2345  2340  2342
2344    2365  2340  2341
2345    2334  2338  2343
2346    2330  2341  2333
2347    2367  2381  2342
2348    2326  2327  2351
2349    2248  2337  2336
2350    2354  2358  2379
2351    2362  2354  2348
2352    2329  2353  2330
2353    2352  2358  2363
2354    2351  2356  2350
2355    2365  2330  2376
2356    2354  2361  2378
2357    2361  2189  2797
2358    2353  2350  2359
2359    2358  2674  2677
2360    2691  2363  2677
2361    2446  2357  2356
2362    2351  2195  2446
2363    2360  2376  2353
2364    2368  2372  2369
2365    2355  2368  2344
2366    2367  2377  2442
2367    2369  2366  2347
2368    2370  2364  2365
2369    2364  2367  2340
2370    2368  2375  2440
2371    2375  2691  2686
2372    2377  2364  2373
2373    2372  2440  2701
2374    2735  2424  2701
2375    2376  2371  2370
2376    2363  2375  2355
2377    2372  2424  2366
2378    2675  2674  2356
2379    2350  2329  2326
2380    2192  2321  2158
2381    2413  2394  2347
2382    2386  2390  2385
2383    2314  2386  2296
2384    2385  2408  2397
2385    2387  2382  2384
2386    2393  2382  2383
2387    2296  2385  2294
2388    2391  2393  2389
2389    2413  2441  2388
2390    2395  2382  2391
2391    2388  2410  2390
2392    2417  2427  2395
2393    2386  2394  2388
2394    2393  2336  2381
2395    2390  2392  2408
2396    2400  2401  2397
2397    2384  2396  2411
2398    2405  2443  2399
2399    2401  2398  2409
2400    2403  2396  2407
2401    2306  2396  2399
2402    2406  2431  2403
2403    2400  2402  2405
2404    2405  2447  3095
2405    2403  2404  2398
2406    2407  2427  2402
2407    2408  2406  2400
2408    2407  2384  2395
2409    2313  2399  3047
2410    2415  2417  2391
2411    2294  2397  2310
2412    2416  2423  2441
2413    2381  2442  2389
2414    2421  2425  2415
2415    2441  2414  2410
2416    2419  2412  2442
2417    2392  2410  2438
2418    2444  2763  2423
2419    2416  2424  2444
2420    2739  2753  2433
2421    2423  2422  2414
2422    2737  2739  2421
2423    2412  2418  2421
2424    2374  2419  2377
2425    2433  2438  2414
2426    2430  2434  2431
2427    2392  2430  2406
2428    2431  2429  2447
2429    2434  2439  2428
2430    2437  2426  2427
2431    2402  2426  2428
2432    2436  2437  2433
2433    2425  2420  2432
2434    2429  2426  2435
2435    2434  2436  2750
2436    2748  2435  2432
2437    2430  2438  2432
2438    2425  2437  2417
2439    2429  2761  3640
2440    2373  2370  2689
2441    2415  2389  2412
2442    2413  2366  2416
2443    2398  3042  3047
2444    2419  2738  2418
2445    2233  2230  2320
2446    2361  2362  2177
2447    3077  2404  2428
2448    2460  2452  2107
2449    898  2271  906
2450    2109  2106  2455
2451    2460  2104  2478
2452    2476  2106  2448
2453    2459  2109  2454
2454    2489  2481  2453
2455    2489  2450  2485
2456    2461  2459  2457
2457    2456  2481  2483
2458    2491  2474  2483
2459    2110  2453  2456
2460    2448  2451  2482
2461    2474  2911  2456
2462    2125  2124  2463
2463    2462  2472  2492
2464    2469  2126  2125
2465    2473  2123  2126
2466    2474  2472  2467
2467    2466  2124  2121
2468    2505  2494  2473
2469    2505  2464  2492
2470    2495  2497  2471
2471    2473  2470  2477
2472    2463  2466  2504
2473    2465  2468  2471
2474    2458  2466  2461
2475    2128  2477  2522
2476    2480  2485  2452
2477    2471  2475  2123
2478    2451  2507  2490
2479    -1  2601  2507
2480    2482  2575  2476
2481    2454  2487  2457
2482    2460  2574  2480
2483    2457  2486  2458
2484    2585  2598  2491
2485    2476  2572  2455
2486    2585  2483  2580
2487    2580  2481  2583
2488    2583  2489  2579
2489    2455  2488  2454
2490    2601  2574  2478
2491    2484  2504  2458
2492    2469  2463  2496
2493    2505  2506  2672
2494    2498  2495  2468
2495    2502  2470  2494
2496    2503  2506  2492
2497    2509  2470  2501
2498    2586  2494  2672
2499    2503  2598  2592
2500    2570  2591  2649
2501    2591  2497  2589
2502    2586  2589  2495
2503    2504  2499  2496
2504    2503  2472  2491
2505    2493  2468  2469
2506    2597  2493  2496
2507    2479  2478  2508
2508    -1  2507  2112
2509    2570  2522  2497
2510    2168  2514  2513
2511    2522  2521  2539
2512    2516  2569  2515
2513    2510  2516  2171
2514    2538  2510  2521
2515    2169  2512  2518
2516    2545  2512  2513
2517    2570  2541  2521
2518    2515  2519  2523
2519    2518  2569  2542
2520    2559  2536  2542
2521    2511  2517  2514
2522    2509  2511  2475
2523    2536  2193  2518
2524    2185  2182  2528
2525    2536  2535  2573
2526    2184  2185  2527
2527    2530  2532  2526
2528    2530  2524  2535
2529    2684  2184  2537
2530    2527  2528  2533
2531    2535  2559  2554
2532    2527  2534  2537
2533    2530  2554  2556
2534    2567  2532  2556
2535    2531  2528  2525
2536    2520  2525  2523
2537    2714  2529  2532
2538    2545  2514  2544
2539    2168  2130  2511
2540    2545  2551  2546
2541    2517  2552  2544
2542    2520  2519  2553
2543    2569  2546  2548
2544    2551  2538  2541
2545    2516  2538  2540
2546    2543  2540  2547
2547    2546  2622  2625
2548    2553  2543  2549
2549    2548  2625  2639
2550    2620  2622  2551
2551    2544  2550  2540
2552    2649  2620  2541
2553    2566  2542  2548
2554    2558  2533  2531
2555    2566  2565  2559
2556    2557  2534  2533
2557    2560  2562  2556
2558    2560  2554  2565
2559    2555  2531  2520
2560    2558  2568  2557
2561    2634  2637  2565
2562    2557  2645  2563
2563    2567  2562  2647
2564    2634  2566  2639
2565    2555  2561  2558
2566    2564  2555  2553
2567    2571  2534  2563
2568    2560  2637  2636
2569    2512  2543  2519
2570    2500  2517  2509
2571    2851  2732  2567
2572    2579  2485  2575
2573    2174  2525  2182
2574    2576  2482  2490
2575    2572  2480  2577
2576    2574  2602  2604
2577    2604  2603  2575
2578    2608  2605  2583
2579    2572  2600  2488
2580    2487  2582  2486
2581    2585  2607  2606
2582    2580  2605  2607
2583    2488  2578  2487
2584    2618  2602  2601
2585    2484  2486  2581
2586    2502  2498  2590
2587    2594  2599  2672
2588    2589  2610  2617
2589    2502  2588  2501
2590    2599  2610  2586
2591    2501  2632  2500
2592    2499  2593  2597
2593    2592  2613  2609
2594    2587  2597  2595
2595    2594  2609  2612
2596    2598  2606  2613
2597    2506  2592  2594
2598    2499  2484  2596
2599    2590  2587  2614
2600    2608  2579  2603
2601    2584  2490  2479
2602    2584  -1  2576
2603    2577  -1  2600
2604    2576  -1  2577
2605    2578  -1  2582
2606    2581  -1  2596
2607    2582  -1  2581
2608    2600  -1  2578
2609    2593  -1  2595
2610    2588  2590  2611
2611    2610  2616  2615
2612    2614  2595  -1
2613    -1  2593  2596
2614    2599  2612  2616
2615    2619  2611  -1
2616    2611  2614  -1
2617    2670  2632  2588
2618    -1  -1  2584
2619    2615  -1  2670
2620    2550  2552  2624
2621    2631  2626  2649
2622    2550  2623  2547
2623    2628  2633  2622
2624    2628  2620  2626
2625    2549  2547  2646
2626    2624  2621  2630
2627    2653  2650  2631
2628    2624  2629  2623
2629    2628  2652  2651
2630    2650  2652  2626
2631    2627  2621  2632
2632    2617  2631  2591
2633    2648  2646  2623
2634    2564  2638  2561
2635    2639  2644  2669
2636    2645  2568  2640
2637    2641  2568  2561
2638    2669  2658  2634
2639    2635  2564  2549
2640    2663  2660  2636
2641    2663  2637  2658
2642    2645  2643  2673
2643    2642  2660  2668
2644    2646  2656  2635
2645    2636  2642  2562
2646    2633  2644  2625
2647    2673  2851  2563
2648    2654  2633  2651
2649    2552  2500  2621
2650    2627  -1  2630
2651    2648  2629  -1
2652    -1  2629  2630
2653    2670  -1  2627
2654    2648  -1  2656
2655    2657  2656  -1
2656    2644  2654  2655
2657    2667  2669  2655
2658    2638  2662  2641
2659    2664  2666  2663
2660    2640  2661  2643
2661    2666  2665  2660
2662    2667  2664  2658
2663    2659  2640  2641
2664    2659  2662  -1
2665    2671  2661  -1
2666    2661  2659  -1
2667    -1  2662  2657
2668    2671  2909  2643
2669    2657  2638  2635
2670    2619  2653  2617
2671    2665  2837  2668
2672    2498  2493  2587
2673    2642  2810  2647
2674    2359  2378  2676
2675    2683  2378  2797
2676    2681  2685  2674
2677    2360  2359  2698
2678    2682  2731  2683
2679    2797  2684  2682
2680    2707  2685  2705
2681    2683  2700  2676
2682    2714  2678  2679
2683    2675  2678  2681
2684    2679  2189  2529
2685    2680  2698  2676
2686    2371  2687  2689
2687    2692  2694  2686
2688    2695  2699  2689
2689    2686  2688  2440
2690    2697  2692  2691
2691    2690  2371  2360
2692    2690  2696  2687
2693    2707  2721  2697
2694    2687  2720  2695
2695    2688  2694  2718
2696    2716  2692  2721
2697    2698  2693  2690
2698    2685  2697  2677
2699    2746  2701  2688
2700    2702  2705  2681
2701    2373  2699  2374
2702    2700  2731  2706
2703    2732  2713  2731
2704    2705  2711  2715
2705    2700  2704  2680
2706    2708  2711  2702
2707    2693  2680  2728
2708    2706  2713  2796
2709    2851  2827  2713
2710    2817  2715  2803
2711    2706  2712  2704
2712    2711  2801  2803
2713    2709  2708  2703
2714    2732  2682  2537
2715    2710  2728  2704
2716    2696  2722  2720
2717    2728  2727  2721
2718    2733  2695  2719
2719    2718  2724  2729
2720    2724  2694  2716
2721    2717  2696  2693
2722    2716  2727  2730
2723    2727  2817  2812
2724    2719  2720  2725
2725    2724  2730  2908
2726    2814  2729  2908
2727    2717  2723  2722
2728    2715  2717  2707
2729    2726  2794  2719
2730    2722  2813  2725
2731    2678  2703  2702
2732    2714  2571  2703
2733    2776  2746  2718
2734    2738  2745  2763
2735    2741  2738  2374
2736    2745  2742  2737
2737    2763  2736  2422
2738    2734  2444  2735
2739    2422  2747  2420
2740    2793  2769  2745
2741    2735  2746  2762
2742    2736  2744  2747
2743    2760  2766  2783
2744    2742  2769  2766
2745    2734  2740  2736
2746    2741  2699  2733
2747    2760  2739  2742
2748    2436  2753  2752
2749    2760  2759  2753
2750    2761  2435  2751
2751    2750  2752  2756
2752    2754  2751  2748
2753    2749  2748  2420
2754    2752  2759  2758
2755    2759  2783  2778
2756    2795  2751  2757
2757    2756  2758  2780
2758    2782  2757  2754
2759    2749  2755  2754
2760    2743  2749  2747
2761    2750  3463  2439
2762    2793  2741  2765
2763    2737  2418  2734
2764    2768  2775  2793
2765    2762  2776  2768
2766    2743  2744  2777
2767    2769  2775  2772
2768    2765  2771  2764
2769    2767  2744  2740
2770    2882  2855  2775
2771    2882  2768  2792
2772    2777  2767  2773
2773    2772  2855  2858
2774    2858  2872  2790
2775    2767  2764  2770
2776    2794  2765  2733
2777    2790  2766  2772
2778    2755  2784  2782
2779    2790  2785  2783
2780    2912  2757  2781
2781    2780  2786  2791
2782    2786  2758  2778
2783    2779  2755  2743
2784    2778  2789  2788
2785    2789  2779  2872
2786    2781  2782  2787
2787    2786  2788  2869
2788    2867  2787  2784
2789    2784  2785  2868
2790    2774  2779  2777
2791    2781  2907  3541
2792    2794  2854  2771
2793    2762  2764  2740
2794    2776  2729  2792
2795    2756  3415  3463
2796    2801  2708  2798
2797    2675  2357  2679
2798    2796  2827  2802
2799    2810  2809  2827
2800    2801  2804  2807
2801    2796  2800  2712
2802    2809  2804  2798
2803    2710  2712  2811
2804    2800  2802  2826
2805    2850  2828  2809
2806    2824  2833  2840
2807    2800  2808  2811
2808    2833  2807  2831
2809    2805  2802  2799
2810    2799  2673  2909
2811    2824  2803  2807
2812    2723  2819  2813
2813    2812  2823  2730
2814    2726  2825  2854
2815    2908  2823  2820
2816    2824  2819  2817
2817    2816  2723  2710
2818    2822  2844  2823
2819    2812  2816  2822
2820    2815  2821  2825
2821    2820  2844  2841
2822    2818  2819  2840
2823    2813  2818  2815
2824    2806  2816  2811
2825    2820  2865  2814
2826    2828  2831  2804
2827    2709  2799  2798
2828    2805  2832  2826
2829    2837  2834  2850
2830    2836  2835  2831
2831    2826  2830  2808
2832    2836  2828  2834
2833    2808  2838  2806
2834    2832  2829  -1
2835    2838  2830  -1
2836    2830  2832  -1
2837    -1  2829  2671
2838    2848  2833  2835
2839    2845  2847  2844
2840    2806  2843  2822
2841    2849  2821  2842
2842    2841  2847  2846
2843    2840  2848  2845
2844    2821  2818  2839
2845    2839  2843  -1
2846    2852  2842  -1
2847    2842  2839  -1
2848    -1  2843  2838
2849    2852  2865  2841
2850    2829  2805  2909
2851    2709  2571  2647
2852    2849  2846  2906
2853    2857  2864  2882
2854    2814  2857  2792
2855    2770  2856  2773
2856    2855  2864  2862
2857    2854  2860  2853
2858    2773  2866  2774
2859    2881  2905  2864
2860    2857  2865  2881
2861    2862  2883  2885
2862    2856  2861  2866
2863    2888  2879  2885
2864    2853  2859  2856
2865    2849  2860  2825
2866    2879  2858  2862
2867    2874  2875  2788
2868    2874  2789  2878
2869    2907  2787  2870
2870    2869  2875  2880
2871    2879  2878  2872
2872    2871  2785  2774
2873    2874  2895  2899
2874    2868  2873  2867
2875    2870  2867  2876
2876    2875  2899  2896
2877    2878  2888  2895
2878    2871  2877  2868
2879    2863  2871  2866
2880    2870  2910  3872
2881    2892  2859  2860
2882    2770  2771  2853
2883    2861  2905  2887
2884    2889  2891  2905
2885    2861  2886  2863
2886    2885  2890  2893
2887    2891  2890  2883
2888    2877  2863  2903
2889    2884  2892  -1
2890    2886  2887  -1
2891    2887  2884  -1
2892    2906  2889  2881
2893    -1  2903  2886
2894    2902  2901  2899
2895    2877  2898  2873
2896    2910  2876  2897
2897    2896  2901  2904
2898    2895  2900  2902
2899    2876  2873  2894
2900    2898  2903  -1
2901    2897  2894  -1
2902    2894  2898  -1
2903    2893  2900  2888
2904    -1  3583  2897
2905    2884  2883  2859
2906    -1  2892  2852
2907    2869  3536  2791
2908    2725  2815  2726
2909    2810  2668  2850
2910    2880  2896  3569
2911    2121  2113  2461
2912    3445  3415  2780
2913    2916  979  2914
2914    2915  2913  913
2915    2922  2919  2914
2916    2913  2919  2926
2917    2920  2922  2918
2918    2971  2970  2917
2919    2924  2916  2915
2920    2917  2939  2924
2921    2946  2935  2937
2922    2915  2923  2917
2923    2272  2922  2275
2924    2919  2920  2937
2925    2930  2932  2928
2926    3404  2916  2929
2927    975  2940  2985
2928    2940  2925  2936
2929    2937  2932  2926
2930    3404  2925  957
2931    2935  2934  2932
2932    2925  2929  2931
2933    2955  2957  2934
2934    2936  2931  2933
2935    2921  2960  2931
2936    2938  2928  2934
2937    2921  2929  2924
2938    2936  2980  2985
2939    2944  2946  2920
2940    2927  955  2928
2941    2970  2945  2944
2942    2953  2970  2317
2943    2950  2954  2944
2944    2941  2943  2939
2945    2947  2941  2952
2946    2921  2939  2954
2947    2945  2948  2950
2948    3040  2947  3037
2949    2951  2967  2950
2950    2947  2949  2943
2951    3054  2949  3040
2952    2953  2969  2945
2953    2942  2308  2952
2954    2962  2946  2943
2955    2933  2960  2958
2956    2966  2963  2958
2957    3015  2980  2933
2958    2955  2956  2972
2959    2962  2966  2960
2960    2959  2955  2935
2961    2965  2964  2967
2962    2954  2967  2959
2963    2968  3033  2956
2964    2966  2961  3035
2965    3054  3049  2961
2966    2956  2959  2964
2967    2961  2962  2949
2968    2963  3035  3064
2969    3160  3037  2952
2970    2941  2918  2942
2971    2918  2283  2278
2972    3015  2958  3014
2973    2977  2976  2974
2974    975  2973  971
2975    2982  2986  2976
2976    3002  2973  2975
2977    2984  2973  2985
2978    1624  1642  2988
2979    3001  2984  2980
2980    2938  2957  2979
2981    2983  3032  2999
2982    2984  2983  2975
2983    3004  2981  2982
2984    2977  2979  2982
2985    2938  2977  2927
2986    2999  2988  2975
2987    2991  3036  2988
2988    2978  2986  2987
2989    2994  2995  2990
2990    3036  2989  1945
2991    2994  2987  2998
2992    1704  1945  3173
2993    3022  3030  2996
2994    2989  2991  2996
2995    3000  3173  2989
2996    2994  2993  3000
2997    2998  3032  3022
2998    2999  2997  2991
2999    2981  2998  2986
3000    2995  2996  3168
3001    2979  3008  3004
3002    2976  1642  971
3003    3007  3011  3006
3004    2983  3001  3006
3005    3018  3032  3006
3006    3004  3003  3005
3007    3010  3003  3008
3008    3015  3007  3001
3009    3013  3126  3012
3010    3007  3014  3012
3011    3016  3029  3003
3012    3010  3009  3016
3013    3033  3098  3009
3014    3033  3010  2972
3015    2972  3008  2957
3016    3012  3031  3011
3017    3020  3022  3018
3018    3029  3017  3005
3019    3020  3203  3030
3020    3017  3021  3019
3021    3025  3020  3023
3022    2997  3017  2993
3023    3021  3028  3027
3024    3028  3031  3116
3025    3021  3026  3034
3026    3025  3111  3124
3027    3023  3116  3111
3028    3024  3023  3029
3029    3028  3018  3011
3030    3221  2993  3019
3031    3024  3016  3099
3032    2981  3005  2997
3033    3013  3014  2963
3034    3203  3025  3198
3035    2968  2964  3052
3036    1635  2987  2990
3037    2948  2969  3039
3038    3047  3046  3160
3039    3046  3043  3037
3040    2951  2948  3061
3041    3044  3046  3042
3042    2443  3095  3041
3043    3048  3061  3039
3044    3041  3045  3048
3045    3065  3044  3070
3046    3039  3038  3041
3047    2443  3038  2409
3048    3044  3063  3043
3049    2965  3050  3052
3050    3060  3057  3049
3051    3052  3062  3109
3052    3049  3051  3035
3053    3055  3060  3054
3054    3053  2965  2951
3055    3053  3061  3056
3056    3063  3094  3055
3057    3050  3058  3062
3058    3057  3084  3081
3059    3084  3060  3094
3060    3053  3059  3050
3061    3043  3055  3040
3062    3051  3057  3128
3063    3056  3048  3068
3064    2968  3109  3098
3065    3045  3069  3068
3066    3077  3076  3070
3067    3074  3078  3068
3068    3065  3067  3063
3069    3074  3065  3071
3070    3095  3066  3045
3071    3069  3076  3093
3072    3432  3405  3076
3073    3075  3528  3091
3074    3069  3075  3067
3075    3406  3073  3074
3076    3072  3071  3066
3077    3066  2447  3640
3078    3080  3094  3067
3079    3083  3084  3080
3080    3091  3079  3078
3081    3082  3096  3058
3082    3081  3083  3087
3083    3085  3082  3079
3084    3079  3058  3059
3085    3083  3090  3088
3086    3419  3422  3088
3087    3157  3139  3082
3088    3085  3086  3092
3089    3090  3528  3419
3090    3091  3089  3085
3091    3090  3080  3073
3092    3088  3403  3157
3093    3071  3408  3406
3094    3078  3059  3056
3095    2404  3070  3042
3096    3081  3139  3128
3097    3101  3108  3126
3098    3064  3101  3013
3099    3031  3126  3102
3100    3102  3108  3110
3101    3098  3104  3097
3102    3100  3118  3099
3103    3107  3156  3106
3104    3101  3109  3107
3105    3125  3132  3110
3106    3108  3103  3125
3107    3128  3103  3104
3108    3100  3097  3106
3109    3051  3104  3064
3110    3105  3123  3100
3111    3026  3027  3114
3112    3115  3122  3114
3113    3114  3158  3341
3114    3111  3112  3113
3115    3118  3112  3116
3116    3115  3027  3024
3117    3121  3122  3123
3118    3102  3123  3115
3119    3146  3154  3120
3120    3122  3119  3158
3121    3146  3117  3142
3122    3112  3117  3120
3123    3117  3118  3110
3124    3341  3293  3026
3125    3130  3105  3106
3126    3097  3099  3009
3127    3131  3156  3139
3128    3096  3107  3062
3129    3130  3134  3135
3130    3156  3129  3125
3131    3138  3134  3127
3132    3135  3142  3105
3133    3137  3494  3136
3134    3129  3131  3136
3135    3153  3132  3129
3136    3134  3133  3140
3137    3138  3466  3133
3138    3157  3137  3131
3139    3096  3087  3127
3140    3136  3159  3153
3141    3145  3152  3144
3142    3132  3145  3121
3143    3144  3162  3402
3144    3146  3141  3143
3145    3148  3141  3142
3146    3121  3144  3119
3147    3151  3871  3152
3148    3145  3153  3151
3149    3323  3484  3643
3150    3152  3155  3162
3151    3148  3470  3147
3152    3141  3147  3150
3153    3140  3148  3135
3154    3402  3312  3119
3155    3479  3484  3150
3156    3127  3130  3103
3157    3138  3087  3092
3158    3113  3120  3291
3159    3140  3468  3470
3160    3038  2969  3161
3161    2308  2313  3160
3162    3323  3143  3150
3163    3165  3166  3164
3164    1704  3163  1686
3165    3173  3172  3163
3166    3163  3174  3280
3167    3189  3172  3168
3168    3221  3167  3000
3169    3170  3171  3187
3170    3172  3169  3174
3171    3189  3220  3169
3172    3165  3167  3170
3173    3165  2992  2995
3174    3170  3176  3166
3175    3178  3180  3176
3176    3182  3175  3174
3177    1942  3190  3235
3178    3175  3179  3190
3179    3183  3178  3186
3180    3280  3175  1708
3181    3185  3210  3184
3182    3187  3186  3176
3183    3230  3235  3179
3184    3186  3181  3188
3185    3206  3181  3187
3186    3179  3182  3184
3187    3185  3182  3169
3188    3230  3184  3262
3189    3191  3171  3167
3190    1867  3178  3177
3191    3189  3196  3194
3192    3203  3202  3196
3193    3204  3206  3220
3194    3191  3195  3220
3195    3200  3194  3197
3196    3221  3192  3191
3197    3195  3202  3219
3198    3293  3202  3034
3199    3200  3201  3217
3200    3195  3199  3204
3201    3219  3401  3199
3202    3198  3197  3192
3203    3192  3019  3034
3204    3200  3212  3193
3205    3209  3208  3206
3206    3193  3205  3185
3207    3214  3222  3208
3208    3210  3205  3207
3209    3216  3205  3212
3210    3218  3181  3208
3211    3279  3215  3216
3212    3204  3217  3209
3213    3278  3257  3214
3214    3216  3213  3207
3215    3310  3278  3211
3216    3209  3211  3214
3217    3279  3212  3199
3218    3210  3251  3262
3219    3286  3201  3197
3220    3194  3193  3171
3221    3168  3030  3196
3222    3207  3257  3251
3223    1939  3249  3226
3224    3234  3231  3226
3225    3242  3228  3226
3226    3223  3224  3225
3227    3235  3234  3249
3228    1925  3225  3238
3229    3232  3234  3230
3230    3188  3229  3183
3231    3236  3247  3224
3232    3229  3233  3236
3233    3277  3232  3262
3234    3224  3227  3229
3235    3227  3177  3183
3236    3232  3248  3231
3237    3239  -1  3238
3238    3228  3237  1936
3239    3237  3240  -1
3240    3246  3239  3242
3241    3245  3244  3247
3242    3225  3247  3240
3243    3267  -1  3244
3244    3246  3241  3243
3245    3248  3269  3241
3246    -1  3240  3244
3247    3241  3242  3231
3248    3255  3245  3236
3249    3223  1885  3227
3250    3253  3277  3251
3251    3222  3250  3218
3252    3253  3263  3265
3253    3250  3254  3252
3254    3261  3253  3257
3255    3248  3277  3265
3256    3276  3261  3278
3257    3222  3213  3254
3258    3260  3370  3275
3259    3261  3260  3263
3260    3344  3258  3259
3261    3254  3256  3259
3262    3218  3233  3188
3263    3259  3271  3252
3264    3268  3269  3265
3265    3255  3252  3264
3266    3267  3274  -1
3267    3269  3266  3243
3268    3271  3274  3264
3269    3245  3264  3267
3270    3273  3272  3275
3271    3263  3275  3268
3272    3274  3270  -1
3273    -1  3270  3361
3274    3266  3268  3272
3275    3270  3271  3258
3276    3300  3348  3256
3277    3233  3250  3255
3278    3213  3215  3256
3279    3217  3296  3211
3280    1700  3166  3180
3281    3284  3286  3282
3282    3341  3292  3281
3283    3296  3401  3307
3284    3281  3285  3401
3285    3289  3284  3287
3286    3219  3293  3281
3287    3285  3292  3290
3288    3312  3340  3290
3289    3302  3307  3285
3290    3287  3288  3294
3291    3312  3292  3158
3292    3282  3291  3287
3293    3286  3198  3124
3294    3290  3309  3302
3295    3298  3310  3296
3296    3283  3295  3279
3297    3298  3308  3355
3298    3295  3299  3297
3299    3306  3298  3307
3300    3276  3310  3355
3301    3305  3306  3302
3302    3289  3294  3301
3303    3304  3330  3326
3304    3306  3303  3308
3305    3316  3330  3301
3306    3299  3301  3304
3307    3289  3299  3283
3308    3297  3304  3350
3309    3316  3294  3314
3310    3300  3215  3295
3311    3315  3340  3402
3312    3154  3288  3291
3313    3314  3322  3318
3314    3340  3313  3309
3315    3323  3322  3311
3316    3305  3309  3324
3317    3321  3760  3320
3318    3324  3313  3320
3319    3400  3337  3320
3320    3318  3317  3319
3321    3322  3643  3317
3322    3315  3321  3313
3323    3149  3315  3162
3324    3332  3316  3318
3325    3329  3336  3328
3326    3303  3328  3342
3327    3328  3383  3378
3328    3326  3325  3327
3329    3332  3325  3330
3330    3329  3303  3305
3331    3335  3334  3337
3332    3324  3337  3329
3333    3339  3669  3399
3334    3336  3331  3339
3335    3659  3655  3331
3336    3338  3325  3334
3337    3331  3332  3319
3338    3336  3399  3383
3339    3655  3333  3334
3340    3288  3311  3314
3341    3124  3113  3282
3342    3326  3378  3350
3343    3347  3351  3345
3344    3260  3348  3346
3345    3346  3343  3368
3346    3358  3344  3345
3347    3354  3343  3348
3348    3347  3344  3276
3349    3352  3354  3350
3350    3342  3349  3308
3351    3356  3343  3352
3352    3349  3369  3351
3353    3376  3366  3356
3354    3347  3355  3349
3355    3297  3354  3300
3356    3351  3353  3368
3357    3360  3367  3359
3358    3370  3346  3360
3359    3361  3357  -1
3360    3363  3357  3358
3361    3370  3359  3273
3362    3366  3365  3363
3363    3360  3368  3362
3364    3386  -1  3365
3365    3367  3362  3364
3366    3353  3398  3362
3367    -1  3357  3365
3368    3356  3363  3345
3369    3372  3376  3352
3370    3358  3361  3258
3371    3375  3373  3372
3372    3369  3378  3371
3373    3374  3371  3396
3374    3389  3376  3373
3375    3382  3371  3383
3376    3353  3369  3374
3377    3381  3382  3399
3378    3327  3372  3342
3379    3396  3382  3384
3380    3384  3381  3729
3381    3377  3707  3380
3382    3375  3377  3379
3383    3327  3338  3375
3384    3379  3380  3391
3385    3388  3392  3387
3386    3398  3387  3364
3387    3386  3385  -1
3388    3395  3385  3389
3389    3374  3388  3398
3390    3393  3395  3391
3391    3384  3397  3390
3392    -1  3385  3393
3393    3390  3394  3392
3394    3720  -1  3393
3395    3388  3396  3390
3396    3379  3395  3373
3397    3717  3720  3391
3398    3366  3389  3386
3399    3377  3338  3333
3400    3645  3659  3319
3401    3283  3201  3284
3402    3154  3143  3311
3403    3466  3092  3422
3404    953  2926  2930
3405    3408  3072  3409
3406    3075  3093  3418
3407    3463  3414  3432
3408    3411  3093  3405
3409    3405  3414  3412
3410    3415  3462  3414
3411    3416  3418  3408
3412    3409  3431  3416
3413    3438  3429  3436
3414    3407  3410  3409
3415    3410  2795  2912
3416    3412  3429  3411
3417    3421  3428  3528
3418    3406  3411  3421
3419    3089  3420  3086
3420    3419  3428  3425
3421    3418  3424  3417
3422    3403  3086  3430
3423    3427  3452  3428
3424    3421  3429  3427
3425    3420  3426  3430
3426    3425  3452  3449
3427    3424  3448  3423
3428    3417  3423  3420
3429    3413  3424  3416
3430    3477  3422  3425
3431    3433  3436  3412
3432    3407  3072  3640
3433    3431  3462  3437
3434    3445  3440  3462
3435    3436  3439  3441
3436    3431  3435  3413
3437    3444  3439  3433
3438    3413  3441  3448
3439    3435  3437  3443
3440    3434  3558  3444
3441    3446  3438  3435
3442    3446  3443  3534
3443    3532  3442  3439
3444    3437  3440  3529
3445    3541  3434  2912
3446    3442  3459  3441
3447    3451  3458  3452
3448    3438  3451  3427
3449    3464  3426  3450
3450    3449  3458  3455
3451    3448  3454  3447
3452    3426  3423  3447
3453    3461  3458  3454
3454    3451  3459  3453
3455    3460  3450  3456
3456    3455  3461  3639
3457    3545  3525  3639
3458    3450  3447  3453
3459    3527  3454  3446
3460    3525  3507  3455
3461    3453  3543  3456
3462    3433  3410  3434
3463    2761  2795  3407
3464    3507  3477  3449
3465    3469  3476  3494
3466    3403  3469  3137
3467    3474  3478  3468
3468    3494  3467  3159
3469    3472  3465  3466
3470    3151  3159  3491
3471    3475  3524  3476
3472    3469  3477  3475
3473    3478  3500  3486
3474    3476  3493  3467
3475    3496  3471  3472
3476    3465  3471  3474
3477    3472  3430  3464
3478    3473  3491  3467
3479    3155  3871  3483
3480    3491  3490  3871
3481    3647  3484  3482
3482    3481  3483  3487
3483    3485  3482  3479
3484    3149  3155  3481
3485    3483  3490  3489
3486    3490  3473  3514
3487    3492  3482  3488
3488    3487  3489  3522
3489    3485  3512  3488
3490    3480  3486  3485
3491    3478  3480  3470
3492    3487  3522  3652
3493    3474  3498  3500
3494    3468  3133  3465
3495    3499  3506  3524
3496    3475  3507  3499
3497    3504  3508  3498
3498    3524  3497  3493
3499    3502  3495  3496
3500    3473  3493  3510
3501    3523  3614  3506
3502    3499  3525  3523
3503    3505  3590  3521
3504    3506  3505  3497
3505    3588  3503  3504
3506    3495  3501  3504
3507    3460  3496  3464
3508    3521  3510  3497
3509    3513  3514  3510
3510    3508  3509  3500
3511    3512  3520  3517
3512    3514  3511  3489
3513    3516  3520  3509
3514    3486  3509  3512
3515    3520  3604  3518
3516    3513  3521  3519
3517    3526  3700  3511
3518    3526  3515  3601
3519    3600  3604  3516
3520    3511  3513  3515
3521    3516  3508  3503
3522    3700  3492  3488
3523    3502  3586  3501
3524    3495  3498  3471
3525    3460  3457  3502
3526    3682  3517  3518
3527    3555  3548  3459
3528    3417  3089  3073
3529    3530  3532  3444
3530    3540  3538  3529
3531    3532  3542  3534
3532    3529  3531  3443
3533    3536  3540  3558
3534    3531  3555  3442
3535    3557  3564  3540
3536    2907  3872  3533
3537    3582  3542  3538
3538    3537  3530  3564
3539    3576  3550  3561
3540    3530  3533  3535
3541    2791  3558  3445
3542    3537  3550  3531
3543    3461  3548  3546
3544    3549  3552  3548
3545    3457  3597  3586
3546    3543  3547  3639
3547    3556  3546  3552
3548    3543  3527  3544
3549    3544  3554  3553
3550    3542  3539  3554
3551    3571  3573  3552
3552    3544  3551  3547
3553    3571  3549  3576
3554    3550  3549  3555
3555    3527  3534  3554
3556    3547  3581  3597
3557    3535  3872  3560
3558    3541  3533  3440
3559    3564  3563  3562
3560    3557  3569  3563
3561    3570  3539  3582
3562    3582  3559  3568
3563    3566  3559  3560
3564    3538  3535  3559
3565    -1  3568  3566
3566    3563  3583  3565
3567    3568  -1  3570
3568    3562  3565  3567
3569    3583  3560  2910
3570    3567  3580  3561
3571    3553  3575  3551
3572    3580  3577  3576
3573    3551  3574  3581
3574    3573  3579  3578
3575    3577  3579  3571
3576    3572  3553  3539
3577    3575  3572  -1
3578    3584  3574  -1
3579    3574  3575  -1
3580    -1  3572  3570
3581    3573  3616  3556
3582    3537  3562  3561
3583    3566  3569  2904
3584    3578  3637  3616
3585    3589  3596  3614
3586    3545  3589  3523
3587    3594  3598  3588
3588    3614  3587  3505
3589    3592  3585  3586
3590    3600  3503  3598
3591    3636  3618  3596
3592    3589  3597  3595
3593    3620  3630  3611
3594    3596  3613  3587
3595    3616  3636  3592
3596    3585  3591  3594
3597    3556  3592  3545
3598    3611  3590  3587
3599    3604  3606  3602
3600    3590  3603  3519
3601    3638  3518  3602
3602    3601  3599  3607
3603    3610  3606  3600
3604    3519  3599  3515
3605    3625  3627  3608
3606    3599  3603  3608
3607    3612  3602  3608
3608    3606  3605  3607
3609    3630  3625  3610
3610    3611  3609  3603
3611    3593  3610  3598
3612    3607  3641  3814
3613    3618  3620  3594
3614    3588  3501  3585
3615    3619  3621  3636
3616    3581  3584  3595
3617    3618  3621  3623
3618    3591  3617  3613
3619    3637  -1  3615
3620    3613  3624  3593
3621    3617  3615  -1
3622    3624  3623  -1
3623    3622  3617  -1
3624    3634  3620  3622
3625    3605  3609  3629
3626    3634  3631  3630
3627    3641  3605  3628
3628    3627  3632  3635
3629    3633  3632  3625
3630    3626  3609  3593
3631    3633  3626  -1
3632    3628  3629  -1
3633    3629  3631  -1
3634    -1  3626  3624
3635    -1  3870  3628
3636    3615  3591  3595
3637    3619  3584  -1
3638    3814  3773  3601
3639    3457  3456  3546
3640    3077  2439  3432
3641    3612  3627  3800
3642    3644  3651  3760
3643    3149  3644  3321
3644    3643  3647  3642
3645    3653  3400  3760
3646    3668  3651  3652
3647    3481  3652  3644
3648    3661  3666  3699
3649    3651  3650  3653
3650    3649  3671  3699
3651    3642  3646  3649
3652    3647  3492  3646
3653    3649  3666  3645
3654    3655  3665  3657
3655    3335  3654  3339
3656    3703  3669  3657
3657    3656  3654  3662
3658    3666  3665  3659
3659    3658  3335  3400
3660    3663  3665  3661
3661    3660  3648  3689
3662    3667  3657  3663
3663    3660  3664  3662
3664    3686  3663  3684
3665    3654  3658  3660
3666    3648  3658  3653
3667    3662  3701  3714
3668    3675  3671  3646
3669    3333  3656  3707
3670    3671  3681  3673
3671    3650  3668  3670
3672    3685  3699  3673
3673    3672  3670  3678
3674    3682  3681  3675
3675    3700  3674  3668
3676    3679  3681  3677
3677    3773  3790  3676
3678    3683  3673  3679
3679    3676  3759  3678
3680    3683  3766  3691
3681    3670  3674  3676
3682    3674  3526  3773
3683    3680  3696  3678
3684    3664  3689  3688
3685    3696  3689  3672
3686    3664  3687  3701
3687    3686  3688  3692
3688    3690  3687  3684
3689    3685  3684  3661
3690    3688  3695  3693
3691    3680  3869  3695
3692    3697  3758  3687
3693    3690  3694  3697
3694    3780  3693  3869
3695    3696  3691  3690
3696    3695  3685  3683
3697    3693  3737  3692
3698    3777  3737  3780
3699    3648  3650  3672
3700    3675  3522  3517
3701    3686  3742  3667
3702    3705  3707  3703
3703    3714  3702  3656
3704    3729  3710  3717
3705    3702  3706  3729
3706    3710  3705  3708
3707    3669  3702  3381
3708    3706  3713  3711
3709    3757  3735  3715
3710    3727  3704  3706
3711    3727  3708  3715
3712    3742  3757  3713
3713    3714  3712  3708
3714    3703  3667  3713
3715    3711  3709  3722
3716    3719  3723  3718
3717    3704  3719  3397
3718    3720  3716  -1
3719    3726  3716  3717
3720    3397  3718  3394
3721    3724  3726  3722
3722    3715  3728  3721
3723    -1  3716  3724
3724    3721  3725  3723
3725    -1  3724  3748
3726    3719  3727  3721
3727    3711  3726  3710
3728    3748  3722  3745
3729    3704  3380  3705
3730    3733  3757  3731
3731    3758  3730  3742
3732    3733  3755  3735
3733    3730  3734  3732
3734    3738  3733  3741
3735    3709  3732  3745
3736    3740  3741  3737
3737    3697  3698  3736
3738    3734  3739  3743
3739    3738  3740  3821
3740    3817  3739  3736
3741    3758  3736  3734
3742    3731  3712  3701
3743    3738  3756  3755
3744    3747  3751  3746
3745    3735  3747  3728
3746    3748  3744  -1
3747    3754  3744  3745
3748    3728  3746  3725
3749    3752  3754  3750
3750    3749  3756  3843
3751    -1  3744  3752
3752    3749  3753  3751
3753    3843  3834  3752
3754    3747  3755  3749
3755    3743  3754  3732
3756    3743  3819  3750
3757    3730  3709  3712
3758    3692  3741  3731
3759    3679  3761  3766
3760    3645  3317  3642
3761    3759  3790  3765
3762    3772  3767  3790
3763    3776  3766  3764
3764    3763  3765  3769
3765    3767  3764  3761
3766    3680  3759  3763
3767    3765  3762  3771
3768    3800  3813  3772
3769    3774  3764  3770
3770    3769  3792  3793
3771    3813  3792  3767
3772    3814  3768  3762
3773    3677  3682  3638
3774    3789  3787  3769
3775    3779  3869  3776
3776    3787  3775  3763
3777    3698  3788  3817
3778    3780  3779  3783
3779    3781  3778  3775
3780    3778  3698  3694
3781    3779  3786  3785
3782    3786  3796  3807
3783    3788  3778  3784
3784    3783  3785  3804
3785    3802  3784  3781
3786    3787  3782  3781
3787    3786  3776  3774
3788    3828  3777  3783
3789    3793  3796  3774
3790    3762  3761  3677
3791    3799  3798  3792
3792    3771  3791  3770
3793    3770  3794  3789
3794    3793  3798  3801
3795    3813  3797  3799
3796    3782  3789  3811
3797    3795  3870  -1
3798    3794  3791  -1
3799    3791  3795  -1
3800    3870  3768  3641
3801    -1  3811  3794
3802    3785  3807  3805
3803    3810  3809  3807
3804    3815  3854  3784
3805    3802  3806  3815
3806    3812  3805  3809
3807    3803  3802  3782
3808    3810  3811  -1
3809    3806  3803  -1
3810    3803  3808  -1
3811    3801  3808  3796
3812    -1  3868  3806
3813    3768  3795  3771
3814    3772  3638  3612
3815    3805  3845  3804
3816    3827  3823  3821
3817    3777  3820  3740
3818    3823  3829  3819
3819    3821  3818  3756
3820    3828  3827  3817
3821    3816  3819  3739
3822    3826  3867  3825
3823    3818  3816  3825
3824    3842  3841  3825
3825    3823  3822  3824
3826    3849  3822  3827
3827    3820  3826  3816
3828    3820  3788  3854
3829    3841  3831  3818
3830    3832  3834  3831
3831    3829  3830  3843
3832    3830  3833  -1
3833    3837  3832  3840
3834    -1  3753  3830
3835    3838  3840  3836
3836    3835  3842  3861
3837    -1  3833  3838
3838    3835  3839  3837
3839    3861  3858  3838
3840    3833  3841  3835
3841    3840  3829  3824
3842    3824  3846  3836
3843    3750  3831  3753
3844    3848  3849  3845
3845    3868  3844  3815
3846    3842  3847  3857
3847    3867  3851  3846
3848    3850  3867  3844
3849    3826  3854  3844
3850    3848  3853  3852
3851    3855  3847  3852
3852    3850  -1  3851
3853    3868  -1  3850
3854    3849  3828  3804
3855    3866  3857  3851
3856    3860  3861  3857
3857    3846  3855  3856
3858    -1  3839  3859
3859    3858  3860  3865
3860    3863  3859  3856
3861    3839  3836  3856
3862    -1  3864  3863
3863    3860  3866  3862
3864    3865  3862  -1
3865    -1  3859  3864
3866    -1  3863  3855
3867    3848  3847  3822
3868    3845  3812  3853
3869    3775  3694  3691
3870    3800  3635  3797
3871    3147  3480  3479
3872    2880  3557  3536
3873    703  2010  705
# Generated by ./triangle -pneQ output.poly
