3873  3  0
   1      56   681   481
   2     681    56     1
   3      56   481    18
   4     681   180  1405
   5     100   481  1405
   6       5   100  1405
   7     978   100    40
   8    1405   481   681
   9     481   100    13
  10     979   101    13
  11      22   980   979
  12     979   980   101
  13     101    18    13
  14     978    31   979
  15      13    18   481
  16      39  1406    31
  17    1406   979    31
  18      31   978    10
  19     979    13   978
  20     100   978    13
  21    1406    22   979
  22       5  1405   180
  23     682     5    19
  24       7     5   180
  25      40   682    26
  26      40   100   682
  27       5     7    19
  28      40    10   978
  29      62    19    29
  30      23    19     7
  31      38    26    61
  32      26   682    62
  33      26    62    61
  34      62   682    19
  35      40    26   343
  36      10    33    41
  37      33    10   343
  38      39    31    41
  39     484    41    33
  40      33   482   484
  41      10    41    31
  42     343    38   483
  43      38   343    26
  44     482   115    73
  45     482    33   483
  46      63   482   483
  47     483    33   343
  48      10    40   343
  49     484   482    73
  50     483    38    53
  51     100     5   682
  52     484    46    41
  53      28    22    35
  54      22    28   980
  55      77   344    35
  56      35   344    28
  57      22  1407    35
  58    1407    39    45
  59    1407    22  1406
  60     250   981    59
  61      45   981  1407
  62      39    46    45
  63    1407   981    35
  64    1406    39  1407
  65      77    35   981
  66     246    77   684
  67      77   246   344
  68     184   346   684
  69     684   346   246
  70      77    58   684
  71      58   250   984
  72      58    77   981
  73     352   249   984
  74     984   249    58
  75     984   250  1410
  76      58   249   684
  77     981   250    58
  78     249   184   684
  79      59   981    45
  80    1408    59    45
  81     247  1408  1409
  82      59   247  1410
  83     247    59  1408
  84    1408    46   347
  85    1408    45    46
  86     347    73   138
  87     347    46   484
  88     247  1409   105
  89     138  1409   347
  90     138   104   103
  91     347  1409  1408
  92      39    41    46
  93     105  1409   138
  94    1410   186   106
  95    1410   247   186
  96    1428   106   107
  97     107   106   186
  98     186   139   107
  99    1410   106   984
 100     105   103   139
 101     103   105   138
 102     139   687   107
 103     688   687   139
 104     139   103   688
 105     105   139   186
 106     247   105   186
 107     984   106  1427
 108      49   138    73
 109      59  1410   250
 110      73   347   484
 111     687   686   107
 112      23    29    19
 113      62   683    61
 114     683    62    29
 115     683    29   132
 116      61   683   693
 117      87   132  1411
 118      74   132    29
 119     983   693    88
 120     693   683    87
 121     132    74  1411
 122      87   683   132
 123      29    23    74
 124      61   693   982
 125     181    53    86
 126      53    38   982
 127     182    63   181
 128     181    63    53
 129      53   982    86
 130      63   483    53
 131    1416    86   489
 132     983    86   982
 133    1415  1416    65
 134    1415   181  1416
 135      86   983   489
 136    1416   181    86
 137     982   693   983
 138     182   181  1415
 139     693    87    88
 140      63   115   482
 141      30  1411  1412
 142     488  1411    74
 143      88    30  1413
 144      88    87    30
 145    1411   488  1412
 146     983    88   149
 147      84  1412   201
 148      83  1412   488
 149     146  1413  1453
 150    1413    30    84
 151    1413    84   694
 152      84    30  1412
 153      88  1413   149
 154     490   489   695
 155     489   983   149
 156      65   490   150
 157      65  1416   490
 158     489   149   695
 159    1416   489   490
 160    1414   695    89
 161     146   695   149
 162     150  1424  1419
 163     150   490  1414
 164     150  1414   993
 165    1414   490   695
 166     149  1413   146
 167    1415    65  1418
 168     201  1412    83
 169      87  1411    30
 170    1419    65   150
 171     115   182   183
 172     182   115    63
 173      49   183   140
 174     183    49   115
 175     182  1417   183
 176     104   138    49
 177      52   140   183
 178      52  1417  1418
 179      49   140   104
 180     491   140    52
 181      52   696   491
 182      52   183  1417
 183    1415  1417   182
 184     689   140   491
 185     485   688   103
 186     485   104   689
 187     688    50   687
 188    1442    50   688
 189     688   485  1442
 190     103   104   485
 191     690  1442   485
 192     690   689   116
 193      50  1442  1441
 194    1444  1442   690
 195     690   349  1444
 196     690   485   689
 197     104   140   689
 198    1444  1441  1442
 199     116   689   491
 200      73   115    49
 201     696  1421   491
 202     696  1418  1419
 203      32   116  1421
 204     116   491  1421
 205     696  1420  1421
 206      52  1418   696
 207     205  1420   696
 208     205  1419  1424
 209      32  1421  1420
 210    1422  1420   205
 211     205   992  1422
 212     205   696  1419
 213    1415  1418  1417
 214    1423  1420  1422
 215     349    32  1447
 216      32   349   116
 217     986  1447   988
 218    1447   986   349
 219      32   987  1447
 220     349   986  1444
 221     493   987   153
 222     987   988  1447
 223     986   988  1443
 224     493   988   987
 225     153   987  1423
 226     987    32  1423
 227      32  1420  1423
 228     691  1444   986
 229     350   141   493
 230     116   349   690
 231      65  1419  1418
 232     493   141   988
 233      37   695   146
 234     982    38    61
 235      50   486   687
 236    1426   184  1425
 237     184  1426   346
 238    1425   184   133
 239    1426  1425   685
 240     352  1427  1430
 241     133   249   352
 242    1425   133   985
 243     352   251   133
 244     251  1430  1433
 245     133   184   249
 246     984  1427   352
 247    1430   251   352
 248     685  1431  1434
 249     685  1425  1431
 250     345  1431  1435
 251    1431   345  1434
 252    1431   985  1435
 253     985   251   187
 254    1431  1425   985
 255    1435   187  1437
 256    1432   187   251
 257    1432   251  1433
 258     985   187  1435
 259     133   251   985
 260    1432   503   187
 261    1430  1427   355
 262     136   355  1429
 263    1428   355  1427
 264    1433   136   354
 265     136  1433   355
 266     355  1428  1429
 267     355  1433  1430
 268     686   486   188
 269     686   687   486
 270     136  1429   137
 271     188  1429   686
 272     188   108   142
 273     686  1429  1428
 274     107   686  1428
 275     137  1429   188
 276     729   360   361
 277     360   354   136
 278    1432   354  1436
 279     360   728   354
 280     360   137   361
 281     360   136   137
 282     361   142  1439
 283     142   361   137
 284    1439   194   368
 285     194  1439   142
 286     194   142   505
 287     361  1439   729
 288     137   188   142
 289     729  1439  1440
 290     108   188   486
 291    1433   354  1432
 292     106  1428  1427
 293     360   729   728
 294    1435   727   345
 295    1435  1437   727
 296      76   345   727
 297     345    76    44
 298     727  1437    43
 299     345    44  1434
 300     503  1436  1438
 301     503  1432  1436
 302    1438    78   732
 303      78  1438  1436
 304    1436   728    78
 305     503  1438  1437
 306     187   503  1437
 307      43  1437  1438
 308    1500    76  1494
 309    1498  1496    43
 310    1498   248  1496
 311      76  1496  1494
 312      76   727  1496
 313      76  1500    44
 314    1438  1495    43
 315    1495  1438   732
 316    1495  1009  1498
 317    1497  1495   732
 318    1497   732   504
 319    1495  1498    43
 320     727    43  1496
 321    1497  1009  1495
 322     732    78  1010
 323     190  1010    78
 324    1501   190  1440
 325     734  1010  1501
 326    1501  1010   190
 327     728   729   190
 328    1010   504   732
 329    1440   368  1011
 330     190   729  1440
 331     735  1502  1011
 332    1502  1501  1011
 333     735  1011   730
 334    1011  1501  1440
 335    1439   368  1440
 336    1018  1501  1502
 337     504   734  1016
 338     734   504  1010
 339    1016  1505   504
 340    1504  1016   734
 341     734  1018  1504
 342    1497   504  1505
 343    1502  1507  1018
 344    1018   734  1501
 345    1018  1507  1508
 346     507  1507   735
 347     730  1011   368
 348    1018  1508  1504
 349     735  1507  1502
 350     507   736  1507
 351     735  1506   507
 352      78   728   190
 353     354   728  1436
 354    1504  1510  1016
 355     990   368   194
 356     358   357  1445
 357     357   108   486
 358     505   108   358
 359     358   108   357
 360     357  1441  1445
 361     486    50   357
 362     691   191  1445
 363     691   986   191
 364    1445   487   358
 365    1446   487  1445
 366     487    51   359
 367     691  1445  1441
 368    1444   691  1441
 369     506   358   487
 370     362   990   194
 371     362   505   506
 372     990   364   369
 373     364   990   362
 374     362   989   364
 375     194   505   362
 376     506   359   989
 377     506   505   358
 378     364   989  1021
 379     192   737   989
 380     192   989   359
 381     506   989   362
 382     487   359   506
 383    1021   989   737
 384     191  1446  1445
 385     990   730   368
 386    1448  1446   191
 387    1448  1443   141
 388     494   359    51
 389      68    51  1446
 390    1446  1448    68
 391    1448   191  1443
 392     692    68  1448
 393     350   692   141
 394      51    68  1449
 395     261    68   692
 396     261   263   714
 397     692  1448   141
 398    1443   988   141
 399    1449    68   261
 400     262   494   144
 401     192   359   494
 402     192   262   737
 403     262   192   494
 404     494  1449   715
 405     494    51  1449
 406     715   714   717
 407     715  1449   261
 408     260   144   720
 409     717   144   715
 410     714   495   717
 411     715   144   494
 412     261   714   715
 413     737   262  1451
 414     263   261   692
 415      51   487  1446
 416    1443   191   986
 417     260   262   144
 418     730   369  1012
 419     730   990   369
 420    1012   508  1506
 421     508  1012   369
 422     369   193   508
 423    1012  1506   735
 424     193  1021  1533
 425     193   369   364
 426    1531  1533   371
 427    1533  1531   193
 428     371  1533   738
 429     193  1531   508
 430    1021   193   364
 431     508  1531   370
 432     508  1013  1506
 433     508   370  1013
 434    1506  1013  1014
 435    1503  1013   370
 436     370  1022  1503
 437    1506  1014   507
 438     371  1532  1022
 439     738  1532   371
 440    1503  1022  1540
 441    1539  1022  1532
 442    1532  1535  1539
 443     371  1022   370
 444    1531   371   370
 445    1539  1542  1022
 446    1533  1021  1450
 447    1012   735   730
 448    1450  1451  1536
 449    1450  1021   737
 450     739   738  1536
 451    1536   738  1450
 452    1451   363  1536
 453    1450   738  1533
 454     363   260   270
 455     260   363  1451
 456     740   270   741
 457     270   740   363
 458     270   260   381
 459     363   740  1536
 460     737  1451  1450
 461    1534  1536   740
 462     739  1534   390
 463    1534   739  1536
 464    1537  1535   390
 465     390  1535   739
 466    1534  1545   390
 467    1535  1532   739
 468    1545   741  1548
 469    1545  1534   740
 470     391  1538  1548
 471    1548  1538  1545
 472    1548   741  1546
 473    1545  1538   390
 474     740   741  1545
 475    1539  1535   742
 476     741   270   197
 477     739  1532   738
 478     262   260  1451
 479    1537   390  1538
 480     144   717   720
 481     142   108   505
 482      50  1441   357
 483    1503   256  1013
 484     697  1423  1422
 485     694  1453  1413
 486      84   145   694
 487    1453   694   700
 488    1453   202   146
 489     701   145   201
 490     701  1452   991
 491     145   700   694
 492      24   700   145
 493     145   701    24
 494     701   201  1452
 495     201    83  1452
 496    1453   700   202
 497      89    37   287
 498    1414    89   993
 499    1424   993   151
 500     150   993  1424
 501      89  1454   993
 502     695    37    89
 503     287  1454    89
 504     202   147    37
 505     290   151  1454
 506     151   993  1454
 507    1454   287   148
 508     287    37   147
 509     146   202    37
 510     994  1424   151
 511     202   700   281
 512      84   201   145
 513     702    24   996
 514     700    24   702
 515     281   702   704
 516     281   700   702
 517     701   348    24
 518     281   147   202
 519     996   348   997
 520     492   348   991
 521     282   704   702
 522     996   282   702
 523     997   348   492
 524     996    24   348
 525     281   704   283
 526     148   290  1454
 527     287   285   148
 528     995  1456   290
 529    1456   151   290
 530     148   152   290
 531     285   287   147
 532     999   285   110
 533     283   285   147
 534     829   995   152
 535     152   148   999
 536     110   285   283
 537     999   148   285
 538     147   281   283
 539     995   290   152
 540     152   999   998
 541     991   348   701
 542     994   151  1456
 543     206   697  1422
 544     206   992  1455
 545     697   117   153
 546     153  1423   697
 547     697   206   699
 548     992   206  1422
 549     206   698   699
 550    1455   994   208
 551     697   699   117
 552     497    96   699
 553     698   206  1455
 554    1455   992   994
 555     992  1424   994
 556      96   117   699
 557     118   350   712
 558     350   493   712
 559     711   263   692
 560     118   711   350
 561     712   117    69
 562     712   153   117
 563     118    69   496
 564      69   118   712
 565     713   351   496
 566     496   351   118
 567     496    69    54
 568     118   351   711
 569     117    96    69
 570     711   351   119
 571      69    96   124
 572     493   153   712
 573     698   208    92
 574     208   994  1456
 575     710    96   497
 576     706   497   698
 577      92   208   995
 578     208   698  1455
 579     706    92   154
 580     707    92   995
 581     706   288   497
 582     207   288   706
 583     288   709   722
 584      92   706   698
 585     707   995   829
 586     497   288   710
 587      54   124   289
 588     124    96   710
 589      54   499   496
 590     123   499    54
 591     289   124   710
 592      54    69   124
 593     123   289  1457
 594     722   289   710
 595     123    95   499
 596    1467    95   123
 597     547   289   722
 598     289   123    54
 599     710   288   722
 600     713   496   499
 601      92   707   154
 602     699   698   497
 603    1456   995   208
 604    1466   499    95
 605     704   204   283
 606     711   692   350
 607     704   111   204
 608     704   282   111
 609     282   996    85
 610     204   110   283
 611     284   415   300
 612     997   705    85
 613     204   157   284
 614     111   157   204
 615     282    85   203
 616     282   203   111
 617     997   492   703
 618     204   284   110
 619     998   829   152
 620    1459   829   998
 621     291   154   707
 622    1459   291   829
 623     999   300   998
 624     999   110   300
 625    1458  1459   998
 626     415  1458   300
 627    1459   112   291
 628     414   112  1459
 629     414  1459  1458
 630    1458   998   300
 631     110   284   300
 632     831   291   112
 633     705   997   703
 634     996   997    85
 635     412   203   210
 636      14    85   705
 637     157   412   564
 638     157   111   412
 639      85    14   203
 640     412   111   203
 641     210    14  1755
 642     705   835    14
 643     158   286   564
 644     211   564   412
 645     835   705    27
 646     210   203    14
 647     705   703    27
 648     157   564   286
 649     414  1458   541
 650     415   284   286
 651     159   112   414
 652     834   112   159
 653     415   286   413
 654    1458   415   541
 655     159   541   839
 656     413   541   415
 657     834   841   421
 658     159   841   834
 659     413   542   541
 660     541   159   414
 661     413   286   158
 662     831   112   834
 663     210   211   412
 664     284   157   286
 665     298   834   421
 666     288   207   709
 667     709   207   708
 668     544   547   722
 669     293   544   709
 670     292   207   154
 671     544   722   709
 672     708   292   830
 673     292   154   291
 674     708   293   709
 675     418   293   708
 676     545   293  1460
 677     292   708   207
 678     291   831   292
 679     544   293   545
 680    1000  1457  1001
 681    1457   289   547
 682    1467  1000   723
 683    1000  1467  1457
 684    1457   547  1001
 685    1467   123  1457
 686     294  1001   546
 687     545  1001   547
 688     313   723   294
 689     723  1000   294
 690    1461  1001   545
 691     294  1000  1001
 692     547   544   545
 693      95  1467  1478
 694     831   830   292
 695     706   154   207
 696     550   293   418
 697     550   418   551
 698    1463  1460   550
 699    1460   293   550
 700     418   830   832
 701     545  1460  1461
 702     298   832   830
 703     832   298   833
 704     551  1464   550
 705     551   832   416
 706     551  1761  1464
 707     832   551   418
 708     830   831   298
 709    1463   550  1464
 710     546  1461   161
 711    1461  1460  1114
 712     169   294   546
 713    1465   169   546
 714     161  1461  1114
 715     546  1001  1461
 716    1465   161  1462
 717    1114   420   161
 718    1465  1483   169
 719    1115  1483  1465
 720    1116  1483   548
 721     161  1465   546
 722    1460  1463  1114
 723     313   294   169
 724    1114  1463   420
 725     418   708   830
 726     831   834   298
 727    1478  1467   723
 728     114  1463  1464
 729     291   707   829
 730    1483   549   169
 731     718   495   714
 732     718   263   119
 733     495   718   716
 734     379   717   495
 735     119   498   264
 736     119   351   498
 737     265   716   264
 738     716   718   264
 739     265   264   500
 740     264   718   119
 741     711   119   263
 742     495   716   379
 743     720   379   380
 744     717   379   720
 745     380   196   381
 746     380   381   720
 747     379   266   380
 748     270   381   197
 749     726   719   120
 750     719   379   716
 751     266   775   380
 752     726   266   719
 753     120   719   265
 754     719   266   379
 755     265   719   716
 756     726  1471   266
 757     500   264   498
 758     263   718   714
 759     219   500   498
 760     721   219  1468
 761     268   500   721
 762     721   500   219
 763     219   713  1466
 764     219   498   713
 765    1466   725  1468
 766     725  1466    95
 767    1468  1470   721
 768    1002  1470  1468
 769     502  1469  1470
 770    1466  1468   219
 771     713   499  1466
 772    1469   721  1470
 773     778   120   521
 774     120   265   268
 775    1476  1472   778
 776    1472   726   778
 777     120   268   521
 778     778   726   120
 779     521  1469   522
 780    1469   521   268
 781    1004   386  1003
 782     522   386   521
 783     522  1469   502
 784     521   386   778
 785     268   721  1469
 786    1476   778   386
 787    1003   386   522
 788     268   265   500
 789     713   498   351
 790     726  1472  1471
 791     197   196   383
 792     196   197   381
 793     784   383   776
 794     776   383   196
 795     196   775   776
 796     197   383  1546
 797     775  1471   777
 798    1471   775   266
 799     777   382   776
 800      94  1474   777
 801     777  1471    94
 802     777   776   775
 803     196   380   775
 804    1474   382   777
 805    1546  1552   783
 806    1550  1552   784
 807    1550   782  1552
 808    1552   782   783
 809    1546   383  1552
 810    1548  1546   783
 811     784   382   520
 812    1552   383   784
 813    1054  1550   520
 814    1666   520   382
 815     382  1474  1666
 816     784   520  1550
 817     776   382   784
 818    1666  1671   520
 819    1474   780  1666
 820     741   197  1546
 821      94  1477  1473
 822      94  1472  1477
 823    1473   387  1667
 824     387  1473  1477
 825    1477   164   387
 826    1473   780  1474
 827    1476  1004   164
 828    1004  1476   386
 829     387   164  1059
 830     792   164  1004
 831     792  1004  1060
 832    1476   164  1477
 833    1471  1472    94
 834    1059   164   792
 835     780  1667  1668
 836     780  1473  1667
 837    1673   779  1668
 838    1668   779   780
 839    1667   276  1668
 840     779  1666   780
 841     523   276  1667
 842     523  1059  1680
 843    1673  1668   276
 844    1670   276   523
 845     523  1679  1670
 846     523  1667  1059
 847     387  1059  1667
 848     779  1671  1666
 849    1680  1059   792
 850    1474    94  1473
 851    1476  1477  1472
 852     783   391  1548
 853    1002  1468   725
 854     381   260   720
 855      67  1002   725
 856     129    67   848
 857    1002   129   269
 858     129  1002    67
 859      67  1478   724
 860      67   725  1478
 861     848   724  1479
 862     724  1478   723
 863     848   447   129
 864    1480   447   848
 865     447   315   448
 866     724   848    67
 867    1478   725    95
 868     129   447   501
 869     502   269   162
 870     502  1470   269
 871    1475   162   385
 872     162  1475   502
 873     269   501   162
 874    1475  1003   522
 875     596   501   163
 876     501   269   129
 877     539   385   596
 878     385   162   596
 879     501   448   163
 880     596   162   501
 881     447   448   501
 882    1475   385  1006
 883     313  1479   724
 884    1475   522   502
 885    1480  1479  1481
 886     549  1479   313
 887     221   448   315
 888    1118   315  1480
 889    1481  1479   549
 890     315   447  1480
 891    1481  1116   849
 892    1116  1481   549
 893     315  1118    70
 894     849  1118  1481
 895     849  1116   847
 896    1481  1118  1480
 897     549  1483  1116
 898    1485    70  1118
 899     163   221   597
 900     448   221   163
 901     227   597  1487
 902     597   227   163
 903     221  1221   597
 904     163   227   596
 905    1222   597  1221
 906    1484  1221    70
 907    1487  1222  1223
 908    1487   597  1222
 909    1222  1221  1486
 910    1221   221    70
 911     315    70   221
 912     539   596   227
 913    1222  1492  1223
 914    1480   848  1479
 915     313   169   549
 916    1005   227  1487
 917    1003  1006  1060
 918    1003  1475  1006
 919    1061   792  1060
 920     267  1061  1060
 921    1060  1006   267
 922     792  1061  1680
 923    1488  1008   314
 924    1008  1006   385
 925    1061   267   200
 926    1488   267  1008
 927     200  1488  1064
 928    1008   267  1006
 929     539  1008   385
 930     200   267  1488
 931    1680   526  1679
 932    1680  1061   526
 933    1670  1679  1678
 934    1062  1679   526
 935     526  1067  1062
 936    1680  1679   523
 937     200   389  1067
 938    1064   389   200
 939    1062  1067  1681
 940    1703  1067   389
 941     389   388  1703
 942     200  1067   526
 943    1061   200   526
 944    1678  1679  1062
 945     314  1008   539
 946    1060  1004  1003
 947     314  1005  1490
 948    1005   314   539
 949     122  1489  1490
 950    1490  1489   314
 951    1005   602  1490
 952    1489  1064  1488
 953     222   602  1491
 954     602  1005  1487
 955     598  1007  1225
 956    1007  1490   222
 957    1007   222  1225
 958     222  1490   602
 959     539   227  1005
 960     122  1490  1007
 961    1064   122   121
 962     122  1064  1489
 963    1066   388   121
 964     388   389   121
 965     121   122  1065
 966     121   389  1064
 967    1065   598   318
 968    1065   122  1007
 969    1706   388  1066
 970     318  1066  1065
 971     318   600  1707
 972    1065  1066   121
 973    1007   598  1065
 974    1703   388  1704
 975     598   604   318
 976    1489  1488   314
 977    1223   602  1487
 978     599  1066   318
 979     602  1223  1491
 980    1470  1002   269
 981     313   724   723
 982    1703  1681  1067
 983    1485  1118   849
 984     205  1424   992
 985    1669   276  1670
 986     353   356  1494
 987    1494   356  1500
 988    1494  1496   248
 989     248   353  1494
 990    1497   511  1009
 991    1497  1505   511
 992    1015   248   365
 993    1009   733   365
 994    1505   509   511
 995     365   248  1498
 996     365  1498  1009
 997     511   733  1009
 998     248  1015   353
 999     365   733   747
1000    1015   747    75
1001    1015   365   747
1002     733  1509   747
1003     353  1015  1513
1004    1019   750   509
1005    1509   733   511
1006     509  1511  1019
1007     750  1515  1509
1008    1511   509  1510
1009     511   750  1509
1010     511   509   750
1011     747  1509   255
1012     509  1505  1510
1013     356   353  1499
1014    1017  1508  1518
1015    1508  1507   736
1016     749  1510  1017
1017    1510  1504  1017
1018    1518  1508   736
1019    1510  1505  1016
1020    1014   256  1521
1021    1014  1013   256
1022    1522   736  1520
1023    1521  1520  1014
1024    1521  1525   516
1025    1520   736   507
1026    1017  1504  1508
1027    1521  1519  1520
1028    1017  1528   749
1029    1528  1017  1518
1030     749  1528  1529
1031     515  1528  1518
1032    1518  1522   515
1033     749  1529  1511
1034    1522  1519   257
1035    1519  1522  1520
1036    1527  1519   516
1037    1519  1527   257
1038    1519  1521   516
1039    1522   257   515
1040    1518   736  1522
1041    1020  1528   515
1042     516   745   373
1043    1510   749  1511
1044     507  1014  1520
1045     257  1524   515
1046    1513  1512   353
1047     255    75   747
1048    1512   731     6
1049    1512  1499   353
1050    1513  1015    75
1051    1499  1512     6
1052     750  1517  1515
1053    1581  1511   253
1054    1027  1581   253
1055    1019  1581  1517
1056    1019  1511  1581
1057    1515   255  1509
1058     750  1019  1517
1059    1515   510   255
1060    1512  1513   731
1061      75   255  1516
1062     510   748  1516
1063     366    75  1516
1064     510  1516   255
1065      75  1514  1513
1066    1583  1515  1517
1067    1517  1581  1033
1068    1604  1033  1027
1069    1033  1581  1027
1070     253  1595  1027
1071    1517  1033  1583
1072     510  1515  1583
1073    1595  1029  1027
1074     253  1028  1595
1075    1028  1529  1020
1076     515  1524  1523
1077    1030  1523  1524
1078    1523  1020   515
1079    1529  1528  1020
1080    1589  1020  1523
1081    1527   373  1530
1082     373  1527   516
1083    1524   367   512
1084    1530   367  1527
1085     373  1590  1530
1086     367  1524   257
1087    1529   253  1511
1088    1530   512   367
1089    1028  1589  1588
1090    1028  1020  1589
1091    1030   254  1589
1092    1589   254  1588
1093    1030  1589  1523
1094    1588  1595  1028
1095    1530   517   512
1096     512  1030  1524
1097     512   517  1593
1098    1591   517  1590
1099    1591  1590   756
1100    1030   512  1592
1101     517  1530  1590
1102    1591  1599   517
1103    1590   373  1526
1104    1028   253  1529
1105    1527   367   257
1106    1595  1588  1594
1107    1521   256  1525
1108     259   378  1525
1109     259  1525   256
1110     259   256  1503
1111    1540  1544   259
1112    1542   742  1541
1113    1542  1540  1022
1114     271  1541  1556
1115    1541   271  1542
1116    1556  1541   760
1117    1542   271  1540
1118     259  1503  1540
1119     271  1544  1540
1120     378  1544  1554
1121    1544   378   259
1122    1554   758   378
1123     378   758   745
1124    1544  1023  1554
1125     378   745  1525
1126    1023  1556  1024
1127    1023  1544   271
1128     759  1024  1555
1129    1555  1024  1556
1130    1555  1556   760
1131    1554  1023   377
1132     271  1556  1023
1133    1023  1024   377
1134    1541   742  1543
1135    1525   745   516
1136    1537   743  1543
1137    1537  1538   743
1138    1543  1557   760
1139    1557  1543   743
1140    1557   743   744
1141    1537  1543   742
1142     391  1547  1549
1143     391   783  1547
1144     744   743  1549
1145    1567  1549  1547
1146      81  1567  1568
1147     391  1549   743
1148     391   743  1538
1149    1566  1549  1567
1150     143  1562  1555
1151     761   143   744
1152    1565  1562   761
1153     761  1562   143
1154     760  1557   143
1155     143  1555   760
1156    1566  1571   761
1157    1566   744  1549
1158    1571    81   274
1159      81  1571  1566
1160    1566  1567    81
1161    1566   761   744
1162    1557   744   143
1163    1565   761  1571
1164      81  1568  1570
1165    1543   760  1541
1166    1542  1539   742
1167    1562   759  1555
1168     758  1558  1560
1169     758  1554  1558
1170    1526  1560   756
1171    1560  1526   758
1172    1560  1558   764
1173     758  1526   745
1174    1024  1559   377
1175    1024   759  1559
1176    1041  1040  1559
1177    1559  1040   377
1178    1559   759  1564
1179     377  1040  1558
1180     377  1558  1554
1181     764  1558  1040
1182    1560  1603   756
1183    1560   764  1603
1184    1622  1038   764
1185     764  1038  1603
1186    1040  1622   764
1187    1591   756   258
1188    1041  1564  1580
1189    1622  1040  1041
1190     376  1580   763
1191     763  1580  1564
1192     763  1564  1561
1193    1622  1041   762
1194    1564  1041  1559
1195    1041  1580   762
1196    1564   759  1561
1197    1526   756  1590
1198     398  1565  1577
1199    1561   759  1562
1200    1563   398  1577
1201     398  1563  1561
1202    1565   765  1577
1203    1562   398  1561
1204     274  1570  1574
1205     765  1571   274
1206    1577   765  1638
1207     274  1572   765
1208    1574  1079  1576
1209     765  1565  1571
1210    1565   398  1562
1211    1574  1572   274
1212    1563  1043  1042
1213    1637  1043  1638
1214     376   763  1042
1215    1043   767  1042
1216    1563  1577  1043
1217    1042   763  1563
1218    1638  1572   766
1219    1043  1577  1638
1220    1637   766  1045
1221    1576   766  1572
1222    1572  1574  1576
1223    1638   766  1637
1224     765  1572  1638
1225    1639   766  1576
1226    1639  1576   393
1227    1563   763  1561
1228     274    81  1570
1229    1603   258   756
1230    1567  1547   384
1231     745  1526   373
1232    1537   742  1535
1233    1043  1637   767
1234     185   731  1514
1235    1514   731  1513
1236    1514    75   366
1237    1584   185  1514
1238    1516   748   366
1239    1583  1033  1585
1240    1585  1604   135
1241    1029  1604  1027
1242    1033  1604  1585
1243    1035  1583  1585
1244    1582   510  1583
1245    1029   755  1604
1246     748  1026   366
1247     748   510  1582
1248    1025   731   185
1249    1025    15   731
1250    1032   748  1582
1251     366  1584  1514
1252    1035  1587  1582
1253    1582  1583  1035
1254     755  1609   135
1255    1585   135  1035
1256     755   135  1604
1257    1607  1035   135
1258    1029   753   755
1259     753  1611   755
1260    1029  1594   753
1261     731    15     6
1262    1597   254   752
1263     254  1030  1592
1264    1594  1597  1031
1265    1594  1588  1597
1266     752   254  1592
1267    1594  1029  1595
1268    1593  1599  1034
1269    1593   517  1599
1270    1034   518  1605
1271     518  1034  1599
1272    1591   518  1599
1273    1592  1593  1598
1274     512  1593  1592
1275    1034  1598  1593
1276    1597  1596  1031
1277    1596  1597   752
1278    1031  1596  1613
1279    1037  1596   752
1280     752  1598  1037
1281    1031  1612   753
1282    1034  1602  1598
1283    1602  1034  1605
1284    1037  1602  1618
1285    1605  1619  1602
1286     757  1605  1601
1287    1598  1602  1037
1288     752  1592  1598
1289    1596  1037  1616
1290    1605   518  1601
1291    1594  1031   753
1292     254  1597  1588
1293    1605   757  1619
1294    1606  1025   513
1295     185  1584  1608
1296    1606     4  1025
1297    1025   185   513
1298    1025     4    15
1299    1610  1026  1032
1300    1026  1584   366
1301    1032  1587   252
1302    1607  1587  1035
1303    1032  1582  1587
1304    1026   746  1584
1305    1032  1026   748
1306    1586  1587  1607
1307     513   185  1608
1308    1610   746  1026
1309    1608  1584   746
1310     751   252  1587
1311     514  1586  1607
1312     751  1587  1586
1313    1610  1032   252
1314    1607  1609   514
1315    1611   753  1612
1316    1609  1607   135
1317     102  1611  1612
1318    1612  1031  1613
1319    1612  1613  1036
1320     134  1609  1611
1321     754  1618  1619
1322    1616  1613  1596
1323    1616  1036  1613
1324    1617  1616  1037
1325    1619   757  1615
1326    1618  1617  1037
1327    1611  1609   755
1328     754  1619  1615
1329     134  1611   102
1330    1036  1616   189
1331    1612  1036   102
1332    1618    57  1617
1333      57  1618   754
1334      79    57   754
1335     754  1615    79
1336    1617    57   189
1337     189  1616  1617
1338    1615   372    79
1339    1609   134   514
1340    1602  1619  1618
1341     757  1614  1615
1342    1603  1629   258
1343     518  1591   258
1344    1627  1039  1038
1345    1038  1039  1629
1346    1622  1627  1038
1347     258  1629  1600
1348    1580  1625   762
1349    1625  1580   376
1350    1626   762  1625
1351    1624  1625   376
1352     376  1623  1624
1353    1627   762  1626
1354    1622   762  1627
1355    1624  1046  1625
1356     258  1600  1601
1357    1600  1629  1039
1358    1601  1600   519
1359    1039  1621  1600
1360    1039  1628  1630
1361    1630  1621  1039
1362    1628  1626   375
1363    1628  1039  1627
1364    1634   375  1046
1365    1046   375  1626
1366    1626  1625  1046
1367    1630  1628  1047
1368    1627  1626  1628
1369     375  1047  1628
1370    1624  1633  1046
1371     258  1601   518
1372    1044  1623   767
1373    1623   376  1042
1374     397  1631  1636
1375    1636  1631   767
1376    1637  1636   767
1377    1044   767  1631
1378    1045  1639  1053
1379    1636  1637  1045
1380     397  1636  1641
1381    1053  1641  1045
1382    1053  1639   393
1383    1045  1641  1636
1384    1042   767  1623
1385    1642  1641  1053
1386    1633  1044  1648
1387    1633  1624  1044
1388     770  1648   771
1389    1648  1044  1631
1390     771  1648  1631
1391    1632  1046  1633
1392     397  1642   396
1393     771  1631   397
1394    1643   771   396
1395    1646   396  1642
1396    1646  1642   812
1397     397   396   771
1398    1641  1642   397
1399     769  1633  1648
1400    1642  1053   812
1401    1044  1624  1623
1402    1603  1038  1629
1403     772   396  1646
1404     519  1621  1620
1405    1621   519  1600
1406    1614  1620    34
1407    1620  1614   519
1408    1621   374  1620
1409     372  1615  1614
1410     375  1635  1047
1411     374  1630  1047
1412    1647  1047  1635
1413    1047  1647   374
1414    1634  1048  1635
1415     374  1621  1630
1416    1635   375  1634
1417    1620   374  1653
1418     372  1614    34
1419    1653   374    20
1420    1620  1653    34
1421    1647  1048   768
1422    1048  1647  1635
1423    1651   768  1048
1424    1651  1048  1650
1425    1647   768    20
1426      20   374  1647
1427    1048  1634  1650
1428     757   519  1614
1429    1632   769  1652
1430    1632  1633   769
1431    1049  1650  1652
1432    1652  1650  1632
1433     769  1649  1652
1434    1632  1650  1634
1435    1649   770  1051
1436     770   769  1648
1437    1663  1643   772
1438     770  1643  1051
1439    1643   396   772
1440     770  1649   769
1441    1643   770   771
1442      80  1652  1649
1443    1652    80  1049
1444    1649  1051   272
1445      80  1649   272
1446    1051    21   272
1447    1663  1655  1654
1448    1655  1663   772
1449    1654    21  1663
1450    1655  1052  1654
1451    1663    21  1051
1452    1051  1643  1663
1453    1655   772  1050
1454    1650  1049  1651
1455    1046  1632  1634
1456     772  1646  1050
1457     757  1601   519
1458     766  1639  1045
1459    1575  1574  1570
1460     384   782  1551
1461     782   384  1547
1462     782  1550  1551
1463      82   384  1551
1464    1054  1671  1672
1465    1551  1550  1054
1466    1684  1672   786
1467    1672  1684  1054
1468    1672  1055   786
1469    1054  1684  1551
1470    1547   783   782
1471      82  1551  1684
1472     785    82   392
1473      82   785   384
1474     774  1568   392
1475     392  1568   785
1476      82  1553   392
1477    1568  1567   785
1478    1553   786  1683
1479    1553    82  1684
1480    1688  1056  1683
1481    1683  1056  1553
1482     786  1685  1683
1483    1553  1056   392
1484    1684   786  1553
1485     774   392  1056
1486    1672  1671  1055
1487    1568   774  1570
1488    1675  1674   788
1489    1674  1671   779
1490     524  1055  1675
1491    1675  1055  1674
1492    1674  1673   788
1493    1674  1055  1671
1494     788  1669   403
1495    1669   788  1673
1496    1677   403  1676
1497     403  1677   788
1498    1676   403  1682
1499     788  1677  1675
1500     276  1669  1673
1501    1687  1675  1677
1502     524  1687  1686
1503     524  1675  1687
1504    1688  1683  1685
1505    1686  1685   524
1506    1687  1697  1686
1507    1685   786   524
1508     787  1676  1700
1509     787  1697  1687
1510     530   787  1700
1511     787   530  1697
1512    1700  1676   789
1513    1687  1677   787
1514    1676   787  1677
1515     790  1685  1686
1516     403  1669   198
1517     524   786  1055
1518    1673  1674   779
1519     805  1686  1697
1520    1575   774  1569
1521    1575  1570   774
1522    1575  1569  1079
1523    1057  1578  1569
1524     774  1056  1569
1525    1573  1569  1578
1526    1688   790   275
1527    1688  1685   790
1528    1057   275  1578
1529     275  1057  1688
1530    1693   275  1692
1531    1569  1056  1057
1532    1056  1688  1057
1533    1578   275  1693
1534    1079  1573  1579
1535    1079  1569  1573
1536    1579  1080  1640
1537    1080  1579  1573
1538    1573  1058  1080
1539    1579  1576  1079
1540    1058  1693  1701
1541    1058  1573  1578
1542    1715  1701   798
1543     798  1701  1693
1544     798  1693  1692
1545    1080  1058   799
1546    1693  1058  1578
1547    1701   799  1058
1548     275   790  1689
1549    1079  1574  1575
1550    1689   805   802
1551     805  1689   790
1552    1699   802  1690
1553    1690   802   805
1554     805  1691  1690
1555    1689   802  1692
1556    1691   530  1694
1557    1691   805  1697
1558    1694   528  1690
1559    1695   819  1694
1560    1695  1694   530
1561    1694  1690  1691
1562     790  1686   805
1563     819   528  1694
1564    1698  1718   798
1565    1692   802  1698
1566    1716  1718   395
1567     395  1718  1698
1568    1698  1699   395
1569    1698   798  1692
1570    1699   528   806
1571    1698   802  1699
1572    1719   806  1696
1573    1696   806   528
1574     528   819  1696
1575    1699   806   395
1576    1690   528  1699
1577    1717   395   806
1578     819  1702  1696
1579    1689  1692   275
1580    1691  1697   530
1581    1718  1715   798
1582     530  1700  1695
1583    1576  1579   393
1584     198  1678   781
1585     198  1669  1670
1586     527  1682   781
1587     781  1682   198
1588    1678  1063   781
1589     789  1676  1682
1590    1681  1068  1063
1591    1681  1703  1068
1592     781  1063  1072
1593     793  1063  1068
1594     793  1705   795
1595    1063  1678  1062
1596    1678   198  1670
1597     793  1072  1063
1598     527   277   791
1599     277   527  1072
1600     789   791   401
1601     791   789   527
1602     277   525   791
1603     527   789  1682
1604     793  1075  1072
1605    1075   793   795
1606    1075   534   525
1607     525   277  1075
1608    1075   795   279
1609    1075   277  1072
1610     527   781  1072
1611     791   525   794
1612     793  1068  1705
1613     401  1700   789
1614    1704  1706  1069
1615    1703  1704  1068
1616    1705  1069  1076
1617    1069  1705  1704
1618    1706   609  1069
1619    1704  1705  1068
1620     599  1707   223
1621    1706  1066   599
1622     609   223  1071
1623     223   609   599
1624    1071   223  1231
1625     599   609  1706
1626    1706  1704   388
1627    1069   609  1070
1628    1076  1070   411
1629    1076  1069  1070
1630     534  1075   279
1631     411   279  1076
1632    1070  1257   411
1633     279   795  1076
1634    1071   611   452
1635    1231   611  1071
1636    1711  1257   452
1637    1257  1070   452
1638     452   611  1712
1639     452  1070  1071
1640     609  1071  1070
1641     796   279   411
1642     616   223  1707
1643    1076   795  1705
1644     318  1707   599
1645    1077   411  1257
1646     791  1073   401
1647     791   794  1073
1648    1074  1695  1073
1649    1073  1695   401
1650     794   532  1073
1651    1695  1700   401
1652     820   534   797
1653     820   532   794
1654     199   820   797
1655     820   199   532
1656     534   796   797
1657     794   525   820
1658     534   820   525
1659    1074  1073   532
1660    1074   280  1702
1661    1074   532   280
1662    1696  1702   402
1663     280  1086  1702
1664     280   533  1083
1665    1702   819  1074
1666     199  1709  1710
1667    1709   199   797
1668    1083   533  1088
1669    1710   533   199
1670    1709  1090  1710
1671     533   280   532
1672     199   533   532
1673    1710  1088   533
1674     797  1078  1709
1675    1074   819  1695
1676     796  1077  1078
1677     796   411  1077
1678    1078   531   822
1679     531  1078  1077
1680    1077   319   531
1681    1078  1090  1709
1682    1711  1712  1255
1683     796   534   279
1684     531   319   824
1685    1255   319  1711
1686    1260  1255  1259
1687    1711   319  1077
1688    1077  1257  1711
1689    1260   319  1255
1690    1090   822  1745
1691    1090  1078   822
1692    1745  1093  1092
1693    1093  1745   822
1694     822   824  1093
1695    1710  1090  1744
1696     824  1260  1091
1697     824   822   531
1698    1746   824  1091
1699    1258  1091  1260
1700    1258  1260  1259
1701    1093   824  1746
1702    1260   824   319
1703     617  1091  1258
1704     613  1255  1712
1705    1078   797   796
1706     452  1712  1711
1707    1083  1086   280
1708     617  1258   946
1709    1682   403   198
1710    1054   520  1671
1711    1090  1745  1744
1712     393  1640  1081
1713     393  1579  1640
1714    1081  1640  1645
1715    1081   812  1053
1716     799   195   800
1717     799  1701   195
1718    1081  1645  1644
1719     800  1645   799
1720     195  1726   800
1721    1645  1640  1080
1722     799  1645  1080
1723    1644  1645   800
1724    1081  1082   812
1725    1082  1081  1644
1726     812  1082  1657
1727    1656  1082  1644
1728    1644  1665  1656
1729    1656   811  1082
1730    1665  1726   801
1731    1665  1644   800
1732    1728  1658   801
1733     801  1658  1665
1734    1726  1720   801
1735    1665  1658  1656
1736     800  1726  1665
1737     399  1656  1658
1738     195  1721  1726
1739    1646   812  1657
1740    1718   804  1715
1741    1718  1716   804
1742     804  1722  1721
1743     804  1721  1715
1744    1722   804  1716
1745    1715  1721   195
1746    1717  1719   808
1747    1716   395  1717
1748    1723   808  1724
1749     808  1723  1717
1750     808   278  1725
1751    1717  1723  1716
1752     806  1719  1717
1753    1723  1722  1716
1754    1720  1722   394
1755    1722  1720  1721
1756    1731   394   803
1757     803   394  1722
1758    1723   803  1722
1759     801  1720  1729
1760    1724  1725   529
1761     803  1723  1724
1762    1730   529  1733
1763     529  1730  1724
1764     529  1743  1734
1765    1724  1730   803
1766     808  1725  1724
1767     394  1729  1720
1768     808  1719   278
1769    1721  1720  1726
1770    1701  1715   195
1771    1730  1731   803
1772    1657   811  1662
1773    1657  1082   811
1774    1050  1662  1661
1775    1662  1050  1657
1776    1662   811  1660
1777    1050  1646  1657
1778    1659  1728  1737
1779    1728   399  1658
1780    1660   811   399
1781    1659   399  1728
1782    1737  1728   813
1783     399   811  1656
1784    1728   801  1729
1785    1660   399  1659
1786    1662   773  1661
1787     773  1662  1660
1788     773  1052  1661
1789    1660   400   773
1790    1052  1655  1661
1791    1659   400  1660
1792    1659  1664   400
1793     810  1664  1737
1794     810  1737  1738
1795    1659  1737  1664
1796     813  1728  1729
1797    1655  1050  1661
1798    1732  1731   815
1799    1732  1729   394
1800     815  1739  1732
1801    1732  1739   813
1802    1731   817   815
1803    1732   813  1729
1804    1733  1734  1741
1805     817  1730  1733
1806     815   817  1735
1807    1733  1740   817
1808    1734   816  1741
1809     817  1731  1730
1810     529  1734  1733
1811    1733  1741  1740
1812    1738  1739   273
1813    1738  1737  1739
1814    1736   273  1739
1815    1739  1735  1736
1816    1735  1740   814
1817    1735  1739   815
1818       9   814  1740
1819    1740  1741     9
1820    1735   814  1736
1821     817  1740  1735
1822    1741  1742     9
1823    1739  1737   813
1824     394  1731  1732
1825     529  1725  1743
1826     393  1081  1053
1827     402  1086   405
1828    1719  1696   402
1829     809   278   405
1830     405   278   402
1831    1086   821   405
1832     402   278  1719
1833    1088   404  1084
1834     404  1088  1744
1835    1084  1087   821
1836     821  1083  1084
1837    1085   405   821
1838     821  1086  1083
1839    1088  1084  1083
1840     826  1084   404
1841     809  1085  1727
1842    1085   809   405
1843     537  1727   407
1844     407  1727  1085
1845    1085  1087   407
1846     809  1743  1725
1847    1087   826   535
1848     826  1087  1084
1849     538   407   535
1850    1094   535   826
1851    1094   826  1095
1852    1087   535   407
1853    1085   821  1087
1854    1094  1103   535
1855     826   404  1095
1856    1743   809  1727
1857    1745  1089  1744
1858    1092  1093   612
1859     612  1096  1092
1860    1092   823  1089
1861    1745  1092  1089
1862    1089  1095   404
1863    1746   617  1270
1864     617  1746  1091
1865    1270  1271  1747
1866    1271  1270   617
1867    1271   617   946
1868    1746  1270   612
1869    1746   612  1093
1870     321   612  1270
1871    1095   823   827
1872     823  1095  1089
1873    1102   827   825
1874     825   827   823
1875     823  1096   825
1876    1095   827  1094
1877    1096   321  1097
1878    1096   612   321
1879     828   321  1747
1880     321   828  1097
1881     823  1092  1096
1882    1096  1097   825
1883    1747   321  1270
1884     827   410  1094
1885    1747  1748  1273
1886    1089   404  1744
1887    1088  1710  1744
1888    1097   228   825
1889     537   807  1727
1890     407   538   537
1891     537   536   807
1892     807  1743  1727
1893    1099   537   538
1894     807   816  1734
1895    1103   410  1101
1896     410  1103  1094
1897    1100  1101    66
1898    1101  1100  1103
1899     410  1104  1101
1900    1103  1100   538
1901     535  1103   538
1902    1100  1099   538
1903     816   536   409
1904     536   816   807
1905     409  1742   816
1906     536   406   409
1907    1742  1741   816
1908     406  1099   818
1909    1099   406   536
1910     818  1099  1100
1911    1100    66   818
1912     536   537  1099
1913    1101   408    66
1914    1743   807  1734
1915    1102   228   224
1916    1102   825   228
1917    1104   224    12
1918     224  1104  1102
1919     224   228  1105
1920    1102  1104   410
1921     828  1273  1274
1922    1273   828  1747
1923    1105   228  1098
1924    1274  1098   828
1925    1274   949   619
1926    1098   228  1097
1927     410   827  1102
1928    1106  1098  1274
1929    1104    12   408
1930     224  1105   225
1931      12   224   225
1932    1105   618   225
1933    1106   619    42
1934    1106  1105  1098
1935      42   618  1106
1936     619  1275    42
1937    1106   618  1105
1938    1274   619  1106
1939     949  1274  1273
1940    1104   408  1101
1941     828  1098  1097
1942    1748  1747  1271
1943    1725   278   809
1944    1086   402  1702
1945    1713  1712   611
1946    1567   384   785
1947    1681  1063  1062
1948     833   298   421
1949     561   210  1755
1950    1755   835   155
1951     561   423   210
1952     424   564   211
1953    1755    36   561
1954     155    17  1108
1955     423   211   210
1956    1757   423   561
1957    1758   211   423
1958     155   835    17
1959     835    27    17
1960     424   211  1758
1961     413   213   542
1962     158   564   424
1963     839   542   426
1964     839   541   542
1965     158   424   838
1966     158   213   413
1967     543   213   885
1968     838   213   158
1969     426   543   869
1970     426   542   543
1971     885   213   838
1972     543   542   213
1973     838   424  1759
1974     540   839   426
1975    1755   155    36
1976     159   839   841
1977    1772   423  1757
1978    1771  1757    36
1979     567   838  1759
1980    1107  1759  1758
1981     423  1772  1758
1982    1757   561    36
1983    1757   862  1772
1984    1756  1108    60
1985    1772  1107  1758
1986     863  1107  1772
1987    1107   565   867
1988      36   155  1756
1989     155  1108  1756
1990    1759  1107   867
1991    1110   885   113
1992     885   838   567
1993     869  1110   875
1994     869   543  1110
1995     885   567   113
1996     543   885  1110
1997    1110   113  1111
1998    1111   875  1110
1999     431   874   879
2000     879   869   875
2001     879   875   306
2002     877   113   567
2003     567  1759   867
2004     426   869   427
2005     877   567   867
2006     424  1758  1759
2007     879   427   869
2008     840   833   421
2009     421   299   840
2010     833  1760   416
2011    1760   833   840
2012     840   844  1760
2013     841   299   421
2014     845   299   843
2015     540   299   841
2016    1765   844   842
2017     844   840   845
2018     299   540   843
2019     845   840   299
2020     841   839   540
2021    1760   844  1765
2022     416  1762  1761
2023     416  1760  1762
2024     114  1464  1761
2025     552   114  1761
2026    1761  1762   552
2027    1463   114   420
2028     553   552  1762
2029    1764   553   305
2030     114   552  1763
2031    1764   552   553
2032    1767   553  1765
2033     553  1762  1765
2034    1760  1765  1762
2035    1764  1763   552
2036     160   844   845
2037    1761   551   416
2038     568   843   874
2039     427   843   540
2040     160   568   572
2041     160   845   568
2042     843   427   874
2043     160   842   844
2044     301   572   568
2045     431   301   874
2046     872  1113  1769
2047     872   160   572
2048    1112   872   572
2049     568   874   301
2050     427   879   874
2051     160   872   842
2052     305  1767   846
2053    1767  1765   842
2054     305  1768  1764
2055    1766  1768   305
2056    1769  1767   842
2057     305   553  1767
2058    1770   846   573
2059    1769   846  1767
2060     852  1768  1766
2061    1770  1766   846
2062     573   846  1769
2063     846  1766   305
2064     842   872  1769
2065    1778  1766  1770
2066     870   572   301
2067     568   845   843
2068     540   426   427
2069    1768   417  1764
2070    1771    36  1756
2071    1755    14   835
2072     863   862   562
2073    1109   862  1771
2074    1107   863   565
2075     863  1772   862
2076    1109  1771   836
2077    1756    47   836
2078    1146   565   566
2079    1147   565   863
2080     836  1773  1109
2081     836  1771  1756
2082    1756    60    47
2083    1146   867   565
2084    1144  1111  1143
2085     113   877   876
2086    1153   306  1144
2087     306   875  1144
2088     113   876  1111
2089     306   431   879
2090     877  1148   876
2091    1143   876  1149
2092    1143  1153  1144
2093    1776  1775   306
2094    1146  1145   877
2095    1143  1111   876
2096     867  1146   877
2097     306  1775   431
2098     862  1109   562
2099     875  1111  1144
2100    1773  1774  1109
2101     860    47    60
2102     565  1147   566
2103     866  1147   562
2104     209   837    47
2105     836    47   837
2106    1774  1773   861
2107    1773   836   837
2108    1774   866   562
2109     422   866  1774
2110     866   865  1147
2111    1774   562  1109
2112      47   860   209
2113     566  1147   865
2114     876  1148  1149
2115     877  1145  1148
2116    1153  1776   306
2117    1829  1776  1153
2118    1149  1828  1143
2119     566  1145  1146
2120    1828  1153  1143
2121    1145   566  1151
2122    1828  1829  1153
2123     878  1829  1828
2124    1145  1826  1148
2125    1827  1149  1148
2126    1828  1149  1825
2127    1775  1776  1157
2128    1840  1776  1829
2129    1147   863   562
2130    1840  1157  1776
2131     870  1112   572
2132     301  1782   870
2133     871  1113  1112
2134    1113   872  1112
2135    1112   870  1154
2136    1113   573  1769
2137     884  1154   870
2138     880   884  1782
2139    1777  1781   871
2140     871  1112  1154
2141    1783   871  1154
2142     870  1782   884
2143     431  1775  1782
2144    1113   871  1781
2145     570  1770  1780
2146    1780   573  1781
2147    1778   570  1779
2148    1778  1770   570
2149    1780   873   570
2150    1780  1770   573
2151    1786   570   873
2152    1155   873  1781
2153    1779  1786  1785
2154    1779   570  1786
2155    1786   873  1787
2156     873  1780  1781
2157     573  1113  1781
2158     852  1766  1778
2159    1154   884  1161
2160     301   431  1782
2161    1783  1154  1161
2162     884   881  1161
2163    1784  1777  1783
2164    1777   871  1783
2165    1161  1844  1783
2166     884   880   881
2167    1838   881   880
2168    1839  1838  1157
2169    1161  1841  1844
2170     881  1841  1161
2171    1841   881  1838
2172    1838   880  1157
2173    1775   880  1782
2174     302  1784  1783
2175     898  1786  1787
2176    1787  1155  1156
2177    1790  1785   898
2178    1785  1786   898
2179    1787   890   898
2180     873  1155  1787
2181     890  1787  1156
2182    1156  1784  1842
2183    1845   898   890
2184    1179  1845   890
2185    1156  1164   890
2186    1156  1155  1784
2187    1155  1777  1784
2188    1790   898  1845
2189     433  1790  1845
2190    1155  1781  1777
2191    1775  1157   880
2192    1128  1778  1779
2193    1844   302  1783
2194    1771   862  1757
2195    1785   900  1779
2196    1462   420   419
2197     420   114   303
2198     419   420   303
2199    1462  1115  1465
2200     434   303  1793
2201    1793  1763   417
2202    1462   419  1791
2203     419   303   434
2204    1794  1792   434
2205    1793   303  1763
2206     114  1763   303
2207    1792   419   434
2208    1115  1791  1121
2209    1791  1115  1462
2210     548  1121  1117
2211    1121   548  1115
2212    1791  1795  1121
2213     847  1116   548
2214    1797  1121  1795
2215    1795  1792  1124
2216     232  1117  1797
2217    1117  1121  1797
2218    1795   554  1797
2219    1795  1791  1792
2220    1791   419  1792
2221     548  1117   847
2222     434  1793   304
2223    1115   548  1483
2224     304  1794   434
2225    1798   304   571
2226     560  1794  1798
2227    1798  1794   304
2228     304   417   571
2229    1794  1124  1792
2230    1125   571  1126
2231     571   417  1768
2232    1799  1798  1125
2233     432  1799  1125
2234    1126   571   852
2235    1125  1798   571
2236    1763  1764   417
2237     560  1798  1799
2238     554  1124   851
2239     560  1124  1794
2240     554   559  1797
2241    1133   559   554
2242     851  1124   560
2243    1124   554  1795
2244     851  1127  1132
2245    1127   851   560
2246    1133  1132   854
2247    1132  1133   851
2248    1132  1808   854
2249     851  1133   554
2250     560  1799  1127
2251     559  1133  1800
2252    1132  1127  1807
2253    1793   417   304
2254     571  1768   852
2255     232  1797   559
2256    1119   849  1482
2257    1482   847  1120
2258     342  1485  1119
2259    1485   849  1119
2260    1482  1796  1119
2261     849   847  1482
2262    1796  1120   850
2263    1120   847  1117
2264    1801   557   555
2265     555  1119  1796
2266    1801   555  1796
2267    1796  1482  1120
2268     232  1120  1117
2269     342  1119   555
2270    1484   342   317
2271     342  1484  1485
2272     220  1486   317
2273     317  1486  1484
2274     342  1122   317
2275    1492  1222  1486
2276    1122   557  1234
2277    1122   342   555
2278     328  1226  1234
2279    1234  1226  1122
2280     557  1123  1234
2281    1122  1226   317
2282     555   557  1122
2283    1226   220   317
2284     850  1120   232
2285    1486  1221  1484
2286     217    97   167
2287      97   217  1800
2288     850   167  1801
2289     167   850   217
2290      97   556   167
2291     217   850   232
2292    1800   854  1810
2293     217   559  1800
2294    1134   558   556
2295     556    97  1810
2296     556  1810   577
2297    1810    97  1800
2298     232   559   217
2299     167   556   558
2300    1802  1123   557
2301    1801   167  1802
2302     327  1123  1142
2303     327  1234  1123
2304    1802  1135  1123
2305     557  1801  1802
2306    1803  1135  1815
2307     558  1135  1802
2308    1804   327  1142
2309    1803  1142  1135
2310    1815  1135   558
2311    1135  1142  1123
2312     167   558  1802
2313    1803  1806  1142
2314    1810   854   437
2315     850  1801  1796
2316     854  1800  1133
2317    1234   327   328
2318    1127  1799   583
2319     161   420  1462
2320     432  1126   899
2321    1128  1126   852
2322     576  1799   432
2323     310   576   432
2324     899  1126  1128
2325     576   583  1799
2326     310   899  1789
2327     900   899  1128
2328    1129   576   310
2329    1811  1129   310
2330    1129  1177  1130
2331     310   432   899
2332    1779   900  1128
2333     576  1129   583
2334     853  1808  1807
2335    1807  1127   583
2336     906   437   854
2337     853   906  1808
2338    1807   583  1809
2339    1808  1132  1807
2340    1131  1809  1813
2341    1130  1809   583
2342     853  1131   906
2343    1131   853  1809
2344    1809  1130  1813
2345    1809   853  1807
2346     583  1129  1130
2347     906  1131   435
2348     900  1789   899
2349     906   854  1808
2350    1811  1789  1141
2351    1789   900   574
2352    1177  1129  1811
2353    1178  1177  1811
2354    1141  1789   574
2355    1177   903  1130
2356    1788  1141   574
2357     433  1788  1790
2358    1141  1178  1811
2359    1884  1178  1141
2360    1178  1887   901
2361    1788   574  1790
2362    1785   574   900
2363    1177  1178   901
2364     904  1813  1812
2365    1813  1130   903
2366    1191   435   904
2367     435  1131   904
2368    1813   903  1812
2369    1131  1813   904
2370     911  1812   903
2371    1891   911   901
2372    1812   444   904
2373    1890   444  1812
2374     444  1889   909
2375     911   903   901
2376     903  1177   901
2377    1191   904   444
2378    1141  1788   902
2379     310  1789  1811
2380     852  1778  1128
2381     906   435   578
2382    1137   577   857
2383     577  1810   437
2384     311  1134  1137
2385    1137  1134   577
2386     577   437   857
2387    1134   556   577
2388     578  1140   857
2389    1140   578  1186
2390     857  1138  1137
2391    1138   857  1140
2392     446  1138  1188
2393     578   857   437
2394     906   578   437
2395     446  1137  1138
2396    1815   311  1817
2397    1815  1134   311
2398     855  1817   579
2399     855  1803  1817
2400     311  1136  1817
2401    1817  1803  1815
2402     639  1136  1139
2403     639  1817  1136
2404     858   579   639
2405     579  1817   639
2406    1139  1136   446
2407    1136   311   446
2408    1137   446   311
2409     855  1806  1803
2410    1138  1140   436
2411    1815   558  1134
2412     580  1186  1814
2413    1186   578   435
2414     436   580  1187
2415     436  1140   580
2416    1186  1191  1814
2417     436  1188  1138
2418    1194  1814   915
2419     909  1814  1191
2420     914  1187   920
2421    1187   580  1194
2422    1187  1194  1907
2423    1194   580  1814
2424    1191   444   909
2425     436  1187   913
2426     912  1139   581
2427    1139   446  1188
2428    1819   639   912
2429    1819   912  1190
2430    1139  1188   581
2431     912   639  1139
2432     913   914   581
2433     914   913  1187
2434     581  1190   912
2435    1189  1190   581
2436     581   914  1189
2437     913   581  1188
2438    1188   436   913
2439    1313  1819  1190
2440     911  1890  1812
2441    1186   580  1140
2442    1191  1186   435
2443    1816   855   579
2444     915  1814   909
2445    1126   432  1125
2446    1785  1790   574
2447     639  1819   858
2448    1773   837   864
2449    1484    70  1485
2450     861   422  1774
2451     209  1823   837
2452    1773   864   861
2453     422  1830   866
2454    1830   422   868
2455     861   425   422
2456    1830  1831   865
2457    1166  1831  1830
2458    1831  1167  1832
2459    1830   865   866
2460    1823   864   837
2461     865  1831  1151
2462    1826  1827  1148
2463     428  1827  1826
2464    1149  1827  1825
2465    1828  1825   878
2466    1826  1151  1832
2467    1145  1151  1826
2468    1833  1825   295
2469    1827  1152  1825
2470     882  1833  1836
2471     882   878  1833
2472    1832   428  1826
2473    1833   878  1825
2474    1151  1831  1832
2475     882  1840  1829
2476     861   864  1837
2477    1829   878   882
2478    1824  1823   209
2479    1824   430  1862
2480    1837   864  1867
2481    1166  1830   868
2482    1867   864  1823
2483    1167  1831  1166
2484     886  1167  1863
2485     425   861  1837
2486    1166  1861  1167
2487     868  1859  1166
2488     425  1860   868
2489     868   422   425
2490    1823  1824  1165
2491    1832  1167   886
2492     428  1152  1827
2493     887   295  1152
2494    1833   295  1150
2495    1833  1150  1836
2496    1152   428  1834
2497    1836  1160   882
2498     295  1835  1150
2499    1866  1834   886
2500     895  1159  1160
2501    1836  1857  1160
2502    1836  1150  1173
2503    1834   428   886
2504    1832   886   428
2505    1825  1152   295
2506    1152  1834   887
2507     209   430  1824
2508     209   860   430
2509     882  1160   429
2510    1158  1838  1839
2511    1839  1840   429
2512     439  1841  1163
2513    1841  1838  1158
2514    1839  1846  1158
2515     439  1844  1841
2516    1841  1158  1163
2517    1846   429  1159
2518    1851  1844   439
2519    1850  1851   439
2520    1851  1162   883
2521    1846  1839   429
2522    1840   882   429
2523    1844  1851   302
2524    1842  1164  1156
2525    1842   302   883
2526    1164  1179   890
2527    1179  1164   585
2528    1842  1843  1164
2529    1179  1856  1845
2530    1843   585  1164
2531    1853  1843   883
2532     907  1179   585
2533    1176   585  1843
2534     585  1852   907
2535    1842   883  1843
2536     302  1851   883
2537    1179   907  1856
2538    1846  1847  1158
2539    1840  1839  1157
2540     440  1163  1847
2541    1849  1846  1159
2542    1850  1162  1851
2543     891  1850  1163
2544    1846  1849  1847
2545    1847  1163  1158
2546     440   891  1163
2547     889   891   440
2548     891  1855  1850
2549    1172  1855   891
2550     440  1849  1848
2551     440  1847  1849
2552    1849  1159   888
2553    1850  1855  1162
2554    1843  1853  1176
2555    1853  1162  1875
2556     585  1176  1852
2557    1852  1176  1185
2558    1853   893  1176
2559     883  1162  1853
2560    1185  1176   893
2561     893  1875  1876
2562     897  1852  1185
2563     897  1854  1852
2564    1855  1175  1875
2565     893  1853  1875
2566    1162  1855  1875
2567    1852  1854   907
2568    1203  1185   893
2569    1850   439  1163
2570     429  1160  1159
2571     907  1854  1898
2572    1837  1858   425
2573    1842  1784   302
2574    1823  1165  1867
2575    1867  1858  1837
2576     563  1867  1165
2577    1858  1867  1169
2578    1859  1860   569
2579    1860   425  1858
2580    1861  1166  1859
2581     109  1863  1861
2582     156  1861  1859
2583    1859   868  1860
2584    1165  1862  1168
2585    1861  1863  1167
2586    1835  1173  1150
2587    1835   887  1174
2588    1171  1857  1173
2589    1857  1836  1173
2590    1173  1835  1864
2591     895  1160  1857
2592    1865  1834  1866
2593    1170  1865  1866
2594    1865  1174   887
2595     212  1174  1865
2596      48  1866  1863
2597    1865   887  1834
2598    1863  1866   886
2599    1174  1864  1835
2600    1858   296  1860
2601    1824  1862  1165
2602     563  1165  1168
2603     296  1858  1169
2604    1169  1867   563
2605     156  1859   569
2606      48  1863   109
2607     109  1861   156
2608     569  1860   296
2609     212  1865  1170
2610    1864  1171  1173
2611      91  1171  1864
2612     212  1868  1174
2613    1866    48  1170
2614    1868  1864  1174
2615      91  1869  1171
2616    1868    91  1864
2617    1857  1171   297
2618    1168  1862     2
2619     896  1171  1869
2620     888  1848  1849
2621     888   895  1879
2622     889   440  1848
2623     889  1848  1872
2624     888  1874  1848
2625     889  1172   891
2626    1879  1874   888
2627    1879   297   214
2628    1872  1848  1874
2629     307  1872  1874
2630    1874  1879    16
2631     895   297  1879
2632     895  1857   297
2633     889  1872  1873
2634    1876  1875  1175
2635    1870  1175  1172
2636    1203  1877  1185
2637     893  1876  1203
2638    1876  1175  1878
2639    1855  1172  1175
2640    1877  1203  1880
2641    1876   894  1203
2642    1205   897  1877
2643    1881  1205  1877
2644    1870  1172  1873
2645     897  1185  1877
2646    1172   889  1873
2647    1854   897  1180
2648    1872    90  1873
2649     895   888  1159
2650      16  1879   214
2651     307    90  1872
2652    1874    16   307
2653     214   297   896
2654     892  1873    90
2655     892  1871  1870
2656     892  1870  1873
2657    1870  1871  1878
2658     894  1876  1878
2659    1880   894  1207
2660    1881  1877  1880
2661    1881  1880    64
2662     894  1878   587
2663    1203   894  1880
2664     587  1207   894
2665      64  1204  1881
2666    1207    64  1880
2667    1878  1871   587
2668    1205  1881  1883
2669    1175  1870  1878
2670     297  1171   896
2671    1883  1881  1204
2672     887  1835   295
2673    1180   897  1205
2674     902  1884  1141
2675    1788  1888   902
2676    1884   902   575
2677    1884  1887  1178
2678    1885  1888  1181
2679    1856  1888   433
2680     575   908  1886
2681     575   902  1885
2682    1888  1856  1181
2683    1885   902  1888
2684    1845  1856   433
2685    1884   575  1886
2686    1894   911  1891
2687    1894  1891  1184
2688    1890  1894   910
2689    1890   911  1894
2690    1891  1887  1183
2691     901  1887  1891
2692    1184  1891  1183
2693    1183  1886  1901
2694    1182  1894  1184
2695    1182   910  1894
2696    1183   438  1184
2697    1183  1887  1886
2698    1887  1884  1886
2699    1890   910  1889
2700     575  1885   905
2701    1889   444  1890
2702    1895   905  1885
2703    1895  1181  1898
2704    1897   908   905
2705     908   575   905
2706     905  1895  1896
2707     908  1901  1886
2708     216  1896  1895
2709     216  1898  1180
2710    1897   921  1900
2711    1897   905  1896
2712    1924  1897  1896
2713    1895  1898   216
2714    1856   907  1181
2715     908  1897  1900
2716    1904  1184   438
2717     438  1901  1900
2718    1182  1903   910
2719    1905  1903  1182
2720    1184  1904  1182
2721    1183  1901   438
2722    1922  1904   438
2723    1200  1922  1900
2724    1904  1905  1182
2725    1199  1905  1904
2726    1905  1929  1202
2727    1922   438  1900
2728    1901   908  1900
2729    1903  1905  1202
2730    1199  1904  1922
2731    1895  1885  1181
2732    1898  1181   907
2733     910  1903  1902
2734    1892   915  1893
2735     909  1889  1893
2736    1907  1892  1193
2737    1907  1194  1892
2738     909  1893   915
2739     920  1187  1907
2740    1193  1893  1906
2741    1902  1893  1889
2742    1913  1907  1193
2743    1912  1196  1913
2744    1916  1913  1193
2745    1193  1892  1893
2746     910  1902  1889
2747    1907  1913   920
2748    1908  1189   914
2749    1908   920  1196
2750    1189  1322  1190
2751    1909  1322  1189
2752    1189  1908  1909
2753     914   920  1908
2754     582  1909  1908
2755    1195   582  1196
2756    1909  1910  1322
2757    1918  1910  1909
2758    1909   582  1918
2759     582  1908  1196
2760     920  1913  1196
2761    1313  1190  1322
2762    1902  1192  1893
2763     915  1892  1194
2764    1906  1192  1209
2765     924  1192  1902
2766    1916  1912  1913
2767     309  1916  1906
2768    1209  1192   924
2769    1193  1906  1916
2770     309  1209   591
2771     924  1213  1209
2772     309  1197  1916
2773    1914  1197   309
2774     926  1197   442
2775    1209   309  1906
2776    1902  1903   924
2777    1916  1197  1912
2778    1920   582  1195
2779    1195  1912   926
2780    1918  1198  1910
2781    1215  1198  1918
2782     582  1920  1918
2783    1196  1912  1195
2784    1919  1920  1195
2785     926  1915  1195
2786    1920  1215  1918
2787     218  1215  1920
2788    1920  1919   218
2789    1915  1919  1195
2790    1912  1197   926
2791     916  1198  1215
2792    1213   924  1202
2793    1906  1893  1192
2794    1202   924  1903
2795     918  1322  1910
2796     216  1927  1896
2797     433  1888  1788
2798    1899  1927   216
2799    1899  1180  1882
2800     922  1924  1927
2801    1924  1896  1927
2802    1927  1899   308
2803    1924   921  1897
2804     308   922  1927
2805     308  1882  1933
2806    1935  1923   588
2807     588  1924   922
2808     922  1926   588
2809    1899  1882   308
2810    1205  1882  1180
2811    1924   588   921
2812    1928  1922  1200
2813    1199  1922  1928
2814    1930  1202  1929
2815     590  1929  1199
2816    1200   921  1923
2817    1900   921  1200
2818     590  1928   586
2819    1923  1928  1200
2820    1208  1929   590
2821    1932  1208   590
2822    1923   586  1928
2823     590  1199  1928
2824     921   588  1923
2825    1930  1929  1208
2826     922   308  1934
2827    1899   216  1180
2828    1934   308  1933
2829    1933  1883   923
2830    1926  1934   441
2831    1926   922  1934
2832    1933  1206  1934
2833    1935   588  1926
2834     923  1206  1933
2835     441  1925  1926
2836    1206   441  1934
2837    1883  1204   923
2838    1926  1925  1935
2839    1932   586   443
2840     586  1923  1935
2841    1932  1937  1208
2842    1201  1937  1932
2843      93   586  1935
2844     586  1932   590
2845      93   443   586
2846    1201   215  1937
2847     443  1201  1932
2848    1935  1925    93
2849    1208  1937   589
2850    1882  1883  1933
2851    1854  1180  1898
2852     215   589  1937
2853     591  1213  1931
2854    1213  1202  1930
2855    1914   309   591
2856    1938  1914   591
2857    1931  1213  1930
2858     442  1197  1914
2859    1938  1931  1218
2860     589  1931  1930
2861    1219  1210  1938
2862    1210  1914  1938
2863    1210   927  1211
2864    1938   591  1931
2865    1930  1208   589
2866    1914  1210   442
2867     218  1919  1940
2868    1915  1212  1919
2869     218  1214  1215
2870    1941  1214   218
2871    1915   442  1211
2872     926   442  1915
2873     593  1940  1212
2874    1940  1919  1212
2875    1940  1941   218
2876     929  1941  1940
2877    1220  1212  1211
2878    1212  1915  1211
2879     442  1210  1211
2880    1942  1214  1941
2881    1931   589  1218
2882    1213   591  1209
2883    1939  1219  1938
2884    1939  1218   925
2885     927  1210  1219
2886      25   927  1219
2887    1219  1939   445
2888     927  1220  1211
2889    1936   925  1218
2890     445    25  1219
2891     925   445  1939
2892    1218   589  1936
2893     927    25   928
2894     929   593   592
2895     593  1212  1220
2896     929  1944  1941
2897     930  1944   929
2898    1216   593  1220
2899     593   929  1940
2900     928  1216  1220
2901     592   930   929
2902    1216   592   593
2903    1220   927   928
2904    1944   930  1340
2905    1938  1218  1939
2906     589   215  1936
2907     916  1215  1214
2908    1929  1905  1199
2909    1883  1882  1205
2910    1944  1942  1941
2911     865  1151   566
2912    1910  1198   917
2913    1223  1224  1491
2914    1223  1492  1224
2915    1224  1492   932
2916     606  1491  1224
2917     220   605   932
2918     605   220   328
2919    1224   932   606
2920    1948   932   605
2921    1227  1948   933
2922     220   932  1492
2923    1492  1486   220
2924    1948   606   932
2925    1493  1225  1228
2926     606  1228  1491
2927     166   604   598
2928    1493   166  1225
2929    1228   606  1227
2930    1225   222  1228
2931    1493  1227  1949
2932    1227  1493  1228
2933     601  1949   233
2934    1949   601  1493
2935    1949  1227   933
2936    1493   601   166
2937     606  1948  1227
2938      71   166   601
2939    1948   605   931
2940    1225   166   598
2941     936   605   939
2942     328   327   939
2943     931   936  1230
2944     931   605   936
2945     939  1805   936
2946     931   933  1948
2947    1235   936  1805
2948    1805   316  1235
2949    1230  1235  1236
2950    1230   936  1235
2951    1235   126  1236
2952    1805   939  1804
2953    1804   939   327
2954     931  1230   933
2955    1229   233  1949
2956    1950  1229   934
2957     601   233   607
2958    1950   233  1229
2959    1229   933   172
2960    1949   933  1229
2961     172  1236  1237
2962     172   933  1230
2963    1950   934   935
2964    1237   934   172
2965    1237  1236   238
2966     172   934  1229
2967    1230  1236   172
2968    1242   935   934
2969    1805  1804   856
2970     328   939   605
2971    1226   328   220
2972    1950  1232   233
2973     600   604   320
2974     600   318   604
2975     616   320  1708
2976     320   616   600
2977     604    71   320
2978     616  1231   223
2979      71   607   603
2980     607    71   601
2981    1955  1708   226
2982    1708   320   603
2983    1708   603   226
2984     603   320    71
2985     604   166    71
2986     616  1708  1233
2987    1231  1233  1262
2988    1233  1231   616
2989    1713  1262  1714
2990    1713   611  1262
2991    1233   323  1262
2992    1713   613  1712
2993    1263   323   453
2994     323  1714  1262
2995    1713  1714   610
2996    1263  1714   323
2997     623   323  1955
2998     323  1233  1955
2999    1233  1708  1955
3000    1263   610  1714
3001    1953   603   607
3002    1707   600   616
3003     608  1953   175
3004    1953   226   603
3005     226   608   623
3006     608   226  1953
3007    1953  1232   175
3008    1953   607  1232
3009     940  1951  1952
3010    1951   175  1232
3011     608   175  1958
3012     940   175  1951
3013    1952  1951   935
3014    1232  1950  1951
3015     607   233  1232
3016    1958   175   940
3017     623  1954   453
3018     623   608  1954
3019    1265   453  1956
3020    1956   453  1954
3021    1954   626  1956
3022     453   323   623
3023     941   626  1954
3024     454   941  1958
3025     625  1956   626
3026     956   625   626
3027     942   626   941
3028    1954  1958   941
3029     608  1958  1954
3030     453  1265  1263
3031     940   454  1958
3032     623  1955   226
3033    1950   935  1951
3034     625  1957  1956
3035    1237  1242   934
3036    1262   611  1231
3037     856   316  1805
3038     856  1806  1816
3039     316   856   231
3040     316   126  1235
3041    1816  1818   231
3042    1818  1816   579
3043     316   231   168
3044    1822   231  1818
3045    1818  1820  1822
3046    1816   231   856
3047    1806   855  1816
3048     168   231  1822
3049     937  1237   238
3050     937   238   451
3051     944  1242   937
3052    1242  1237   937
3053     238   126  1238
3054    1236   126   238
3055     168  1238   126
3056    1238   168   459
3057    1239   937   451
3058    1960  1239   451
3059    1238  1963   451
3060     451   238  1238
3061     126   316   168
3062    1239   944   937
3063    1822   459   168
3064     449   935  1242
3065     859  1822  1820
3066    1820   858   638
3067     459   859  1253
3068     459  1822   859
3069    1820   963   859
3070    1820  1818   858
3071    1821   963  1820
3072    1821   638  1318
3073    1964  1253   463
3074    1253   859   963
3075    1253   963   463
3076    1820   638  1821
3077    1819   638   858
3078     459  1253  1963
3079    1963   450  1960
3080    1963  1253   450
3081    1239  1960  1961
3082      98  1961  1960
3083    1960   450    98
3084     451  1963  1960
3085    1315    98   450
3086    1965  1315  1240
3087    1961    98  1247
3088    1965    98  1315
3089    1316  1315  1964
3090    1315   450  1964
3091    1253  1964   450
3092     179    98  1965
3093    1314   963  1821
3094    1238   459  1963
3095    1818   579   858
3096    1243  1239  1961
3097    1241  1952   127
3098    1952   935   449
3099    1241   454   940
3100    1249  1959  1241
3101     127  1952   449
3102     454  1241  1959
3103    1962   127  1243
3104     944   127   449
3105    1248  1249  1244
3106    1962  1249   127
3107     127   944  1243
3108     127  1249  1241
3109     449  1242   944
3110    1959  1249  1248
3111     942   956   626
3112     324   942   943
3113     953   956   324
3114     324   956   942
3115     942   454   943
3116     941   454   942
3117     943  1248  1254
3118     943   454  1959
3119    1287  1254  1289
3120    1287   324  1254
3121    1248   333  1254
3122    1254   324   943
3123    1959  1248   943
3124     625   956   230
3125    1249  1962  1244
3126     940  1952  1241
3127    1243  1247   239
3128     944  1239  1243
3129    1245  1244   239
3130    1244  1962   239
3131     239  1247  1252
3132    1248  1244   229
3133    1246  1252   464
3134    1252  1245   239
3135    1244  1245   229
3136    1246  1245  1252
3137     464  1252   179
3138    1252  1247   179
3139    1247  1243  1961
3140     335  1245  1246
3141    1250   333  1251
3142     333  1248   229
3143     637  1289  1250
3144    1250  1289   333
3145     333   229  1251
3146    1289  1254   333
3147     945  1251  1326
3148     335  1251   229
3149    1356   245  1339
3150    1339  1250   945
3151    1326  1251   335
3152     945  1250  1251
3153     229  1245   335
3154    1287  1289   627
3155    1339   945   654
3156    1962  1243   239
3157      98   179  1247
3158    1287   953   324
3159     334   335  1246
3160    1804  1806   856
3161    1806  1804  1142
3162    1250  1339   637
3163    1259   613  1256
3164    1259  1255   613
3165    1256   613   610
3166     620  1259  1256
3167     610  1264   174
3168     610  1263  1264
3169     614  1261   174
3170    1261  1256   174
3171     614   174  1966
3172     174  1256   610
3173    1713   610   613
3174     620  1256  1261
3175     620  1754   946
3176     620  1261  1754
3177    1272  1748  1271
3178    1272   946  1754
3179    1754  1749  1272
3180     946  1258   620
3181    1268  1968  1267
3182    1754  1261  1968
3183    1272  1749   165
3184    1268  1749  1968
3185    1968   614  1267
3186    1968  1749  1754
3187    1261   614  1968
3188    1268  1278  1749
3189     174  1264  1966
3190    1272  1271   946
3191     624  1966  1264
3192     624  1265  1957
3193     614  1967  1269
3194    1967  1966   624
3195     624   615  1967
3196     624  1264  1265
3197     947   615   624
3198    1957   625   947
3199    1283  1970   615
3200    1970  1967   615
3201    1283   615   455
3202     624  1957   947
3203    1956  1957  1265
3204    1269  1967  1970
3205    1267  1269   629
3206    1267   614  1269
3207     948   629   325
3208     629   948  1267
3209    1269  1266   629
3210    1267   948  1268
3211    1282  1266   628
3212    1266  1269  1970
3213     325  1282   631
3214     325   629  1282
3215    1282   628  1285
3216    1282   629  1266
3217    1970  1283  1266
3218    1969  1268   948
3219     615   947   455
3220     614  1966  1967
3221    1265  1264  1263
3222    1972   948   325
3223    1750   949  1273
3224    1751  1750  1277
3225     949  1751  1276
3226    1751   949  1750
3227    1750  1748   165
3228    1276   619   949
3229     165  1278  1277
3230     165  1749  1278
3231    1751  1277  1753
3232    1971  1277  1278
3233    1278  1969  1971
3234     165  1277  1750
3235    1272   165  1748
3236    1753  1277  1971
3237    1275  1276  1752
3238    1275   619  1276
3239     950  1752  1276
3240    1276  1280   950
3241    1280  1753  1974
3242    1280  1276  1751
3243     322  1974  1975
3244    1974   322  1280
3245    1974  1753   621
3246    1280   322   950
3247    1751  1753  1280
3248    1753  1971   621
3249    1748  1750  1273
3250    1969  1972  1973
3251    1969   948  1972
3252     952  1973  1279
3253    1279  1973  1972
3254    1972   631  1279
3255    1973   621  1971
3256     631  1285  1297
3257     631  1972   325
3258    1302  1296   630
3259    1296  1279  1297
3260    1296  1297   630
3261    1297  1279   631
3262    1278  1268  1969
3263     952  1279  1296
3264     621   952   622
3265     952   621  1973
3266     951  1975   622
3267    1975  1974   622
3268     622   952  1281
3269     622  1974   621
3270    1281  1302   456
3271    1281   952  1296
3272     456   951  1281
3273    1302  1303   456
3274    1281   951   622
3275    1296  1302  1281
3276    1297  1285   326
3277    1973  1971  1969
3278    1285   631  1282
3279     628  1266  1283
3280     620  1258  1259
3281     230   954   455
3282     954   230   953
3283    1284   633  1283
3284    1284   455   954
3285     954  1291  1284
3286     230   455   947
3287     173  1291   954
3288    1288   173   627
3289    1284  1291   955
3290    1288  1291   173
3291     953  1287   173
3292     173   954   953
3293     625   230   947
3294     636  1291  1288
3295     628   633  1286
3296     628  1283   633
3297    1299  1286   957
3298     957  1286   633
3299     633   955   957
3300    1286   326  1285
3301     955   636  1292
3302     636   955  1291
3303    1294   961  1292
3304     961   957  1292
3305    1292   636  1293
3306    1292   957   955
3307     633  1284   955
3308     961  1299   957
3309    1288  1290   636
3310     628  1286  1285
3311     627   637   240
3312     173  1287   627
3313    1360  1290   240
3314    1290  1288   240
3315     240   637   245
3316    1290  1293   636
3317     473  1360  1358
3318    1360   655  1290
3319     655   473   662
3320     473   655  1360
3321    1358  1360   245
3322    1360   240   245
3323     637  1339   245
3324    1290   655  1293
3325    1979  1294   337
3326    1978   961  1294
3327     634  1978  1979
3328    1979  1978  1294
3329    1294  1293   337
3330    1292  1293  1294
3331     337   662   665
3332     337  1293   655
3333    1371  1295   472
3334     665  1295   337
3335     665   662   659
3336     337  1295  1979
3337     655   662   337
3338    1980  1979  1295
3339    1295   665   472
3340     240  1288   627
3341     953   230   956
3342    1305   961  1978
3343    1301  1976  1977
3344    1976   630  1297
3345    1301   958  1976
3346    1976   958   630
3347    1976   326  1977
3348    1297   326  1976
3349    1299  1305  1977
3350    1299   961  1305
3351    1977   632  1301
3352     632  1977  1305
3353    1300   632  1309
3354    1299  1977   326
3355     326  1286  1299
3356    1300  1301   632
3357     960  1304  1298
3358     958  1304   630
3359     960  1303  1304
3360    1304   958  1298
3361    1303  1302  1304
3362    1298  1300   959
3363    1300  1298   958
3364     130   959   635
3365     959   130  1298
3366     959  1300  1309
3367    1298   130   960
3368     958  1301  1300
3369     632  1305  1306
3370    1302   630  1304
3371    1306   634  1308
3372     634  1306  1305
3373    1308   457  1306
3374    1306   457  1309
3375     634  1980  1308
3376    1306  1309   632
3377    1980  1371   458
3378    1305  1978   634
3379     458  1307  1308
3380     336  1373   458
3381     336   458  1371
3382     458  1308  1980
3383    1980   634  1979
3384    1373  1307   458
3385     128  1310  1312
3386     635   959  1310
3387     128   635  1310
3388    1310   457  1312
3389    1310  1309   457
3390    1307   962  1312
3391     962  1307  1373
3392    1312  1311   128
3393    1311  1312   962
3394    1311   962   967
3395    1307  1312   457
3396     457  1308  1307
3397     962  1373   664
3398    1310   959  1309
3399    1295  1371  1980
3400     662   473  1359
3401     455  1284  1283
3402     637   627  1289
3403    1965   461   179
3404    1228   222  1491
3405    1318  1921  1821
3406    1314   463   963
3407    1318  1313   918
3408    1821  1921  1314
3409    1320  1921  1318
3410    1320   918   917
3411    1314  1921  1982
3412     919  1921  1320
3413     919  1986  1983
3414    1320  1318   918
3415    1910   917   918
3416    1982  1921   919
3417    1316   463  1317
3418    1982   463  1314
3419    1240  1315  1316
3420     460  1240  1316
3421    1317   463  1982
3422    1240   461  1965
3423     460  1317  1323
3424    1983  1317  1982
3425     938  1240   460
3426     235   938   460
3427    1323  1317  1983
3428     460  1316  1317
3429    1982   919  1983
3430    1240   938   461
3431     919  1320  1947
3432     638  1313  1318
3433    1911  1947  1320
3434    1911   917  1917
3435    1319  1986  1947
3436    1986   919  1947
3437    1947  1911   584
3438    1984  1983  1986
3439     584  1319  1947
3440    1324  1911  1917
3441    1986  1319  1984
3442    1990  1985  1319
3443    1319   584  1990
3444    1324   584  1911
3445     917  1198  1917
3446    1984  1319  1985
3447     235  1323   640
3448    1323  1983  1984
3449     235  1988   938
3450     462  1988   235
3451     640  1323  1984
3452    1323   235   460
3453     640   234   462
3454     234   640  1984
3455     462  1989  1988
3456     641  1989   462
3457    1989   643  1337
3458     640   462   235
3459    1984  1985   234
3460    1988  1989  1330
3461     641   462   234
3462     917  1911  1320
3463     918  1313  1322
3464     938  1988   330
3465    1328   464  1325
3466     464   179   461
3467     334  1328  1327
3468     334  1246  1328
3469     464   461  1325
3470     334  1326   335
3471     642  1325  1333
3472     330  1325   461
3473     465   644  1327
3474    1327  1328   642
3475    1325   330  1333
3476     642  1328  1325
3477     938   330   461
3478     334  1327   644
3479    1329   654   945
3480    1329  1326   644
3481     654  1357  1356
3482    1338  1357   654
3483     654  1329  1338
3484     654  1356  1339
3485     339  1338  1329
3486     465   339   644
3487    1338  1991  1357
3488    1351  1991  1338
3489    1351  1338   339
3490     339  1329   644
3491    1326   334   644
3492     176  1357  1991
3493    1335  1327   642
3494     464  1328  1246
3495    1332  1333   645
3496    1330  1333   330
3497    1335  1332   649
3498    1335   642  1332
3499    1333  1330   645
3500    1335   465  1327
3501    1331   645   237
3502    1337   645  1330
3503    1336   649   241
3504     649  1332  1331
3505     649  1331   241
3506    1331  1332   645
3507     330  1988  1330
3508    1335   649   653
3509     465   653  1334
3510     465  1335   653
3511     660  1351  1334
3512    1351   339  1334
3513    1334   653  1345
3514    1334   339   465
3515    1346   660  1345
3516    1336  1345   653
3517    1351   660  1362
3518    1346  1347   660
3519    1345  1336   474
3520    1345   660  1334
3521     649  1336   653
3522    1991  1351   176
3523     237   645  1337
3524     642  1333  1332
3525    1337  1330  1989
3526     660  1347  1362
3527     234  1985  1993
3528    1964   463  1316
3529     584  1324  1321
3530    1321  1324  1945
3531     312  1990  1321
3532    1990   584  1321
3533    1324   916  1217
3534    1985  1990   312
3535    1945  1217  1943
3536    1217   916  1214
3537    1321   595  1341
3538    1945   595  1321
3539    1341   332   329
3540    1217  1945  1324
3541    1917  1198   916
3542     312  1321  1341
3543    1987   641   234
3544    1987  1993   466
3545    1994  1337   643
3546     643   641  1987
3547    1987   468   643
3548    1993  1987   234
3549     329   466  1993
3550     329   312  1341
3551     468   466   647
3552     468  1987   466
3553     329   125   466
3554    1993   312   329
3555     312  1993  1985
3556     236   643   468
3557    1942  1943  1217
3558    1324  1917   916
3559    1946   595  1943
3560     594  1943  1942
3561    1341   646   332
3562    1946   646   595
3563    1943   594  1946
3564    1943   595  1945
3565    1946  1340   171
3566    1340  1946   594
3567       8   646   171
3568     171   646  1946
3569    1942  1944   594
3570     332   646     8
3571     647   466   125
3572     125   332   331
3573     651   468   647
3574     170   651   647
3575     647   125    11
3576     329   332   125
3577     331    11   125
3578     170   467   651
3579      11   170   647
3580     332     8   331
3581     236   468   651
3582     646  1341   595
3583    1944  1340   594
3584     648   651   467
3585    1342   237  1343
3586     237  1337  1994
3587     241  1342  1998
3588     241  1331  1342
3589     237  1994  1343
3590     241  1349  1336
3591    1344  1343   650
3592     236  1343  1994
3593    1997  1998   652
3594    1998  1342  1344
3595    1343   236   648
3596    1344  1342  1343
3597    1994   643   236
3598     241  1998  1349
3599    1350  1346   474
3600     474  1336  1349
3601    1346   661  1347
3602    1350   661  1346
3603     474  1349  1348
3604    1346  1345   474
3605    1999  1348   673
3606    1348  1350   474
3607    1350  1999   661
3608    1999  1350  1348
3609    1348  1997  1353
3610    1348  1349  1997
3611    1349  1998  1997
3612    1355   661  1999
3613    1998  1344  2000
3614     237  1342  1331
3615     650   648    55
3616     648   236   651
3617    1996  2000   650
3618    2000  1344   650
3619      55   648  1995
3620     652  1998  2000
3621      55  1996   650
3622    1352  2001  2000
3623    1996  1352  2000
3624    2000  2001   652
3625    1353   673  1348
3626    1353   652   469
3627     673   668  1999
3628    1354   668   673
3629     673  1353   177
3630    1997   652  1353
3631     469  2002  1353
3632     177  1354   673
3633    2002   177  1353
3634     652  2001   469
3635     668  1354    99
3636    1343   648   650
3637     467  1995   648
3638    1347   661  1363
3639     641   643  1989
3640    1313   638  1819
3641     668  1355  1999
3642     656  1358   470
3643    1358   245  1356
3644     470  1358  1356
3645     473   656  1359
3646     470   176  1361
3647     470  1356  1357
3648    1367   243  1366
3649    1367   656  1361
3650    1364  1367  1361
3651    1361   656   470
3652     176   470  1357
3653    1359   656  1367
3654     340   472   659
3655     472   665   659
3656     472  1376  1981
3657     340  1376   472
3658     659  1359  1366
3659     662  1359   659
3660    1366  1365   340
3661     243  1365  1366
3662     340  1377  1376
3663    1377   340  1365
3664    1365   672  1377
3665    1366   340   659
3666    1359  1367  1366
3667     666  1376  1377
3668    1361   176   657
3669    1981  1371   472
3670    1992  1364   657
3671     657  1364  1361
3672    1364   658   243
3673    1992   658  1364
3674     657  1362   964
3675     657   176  1362
3676     964   338  1992
3677     338   964  1363
3678    1992  2003   658
3679    2003  1992   338
3680    1386  1369  2003
3681     964  1992   657
3682    1347   964  1362
3683     658  2003  1369
3684    1368   672  1365
3685     243   658  1368
3686    1370  1377   672
3687    1388  1370   672
3688     672  1368  1388
3689    1365   243  1368
3690     966  1388  1368
3691     966  1369  1386
3692    1370  1388   968
3693    1389  1388   966
3694     966   478  1389
3695     966  1368  1369
3696     658  1369  1368
3697     968  1388  1389
3698    1389   972  1395
3699    1364   243  1367
3700    1351  1362   176
3701     666  1377  1370
3702    1981   471   336
3703    1981  1376   471
3704    2005  1373  1372
3705    1372   336   471
3706     471  2004  1372
3707     336  1371  1981
3708    1379  2004   471
3709     667  1379  1381
3710    1372  2004  2005
3711    1379   663  2004
3712    1379   666  1378
3713    1379   471   666
3714     666   471  1376
3715     667   663  1379
3716      72   664  1374
3717     664  1373  2005
3718      72   967   664
3719     664  2005  1374
3720     967   962   664
3721     663  1382  1374
3722    1382   663   667
3723    1374  1375    72
3724    1375  1374  1382
3725    1382   131  1375
3726     663  1374  2005
3727    2005  2004   663
3728     667  1383  1382
3729     336  1372  1373
3730    1378   676  1381
3731    1378  1370   676
3732     477  1381  1384
3733    1384  1381   676
3734     676  1380  1384
3735     477   667  1381
3736     968  1395  1380
3737    1395   968  1389
3738     678  1384  1380
3739    1396   678  1380
3740    1380  1395  1396
3741    1380   676   968
3742     666  1370  1378
3743    2006  1384   678
3744     244  1383  2007
3745    1383   667   477
3746     244   131  1383
3747    1383   477  2007
3748     131  1382  1383
3749    2006  2008  2007
3750     479  2008  2006
3751    2007   677   244
3752     677  2007  2008
3753     677  2008  1398
3754    2006  2007   477
3755     477  1384  2006
3756     479  2006   678
3757    1379  1378  1381
3758     676  1370   968
3759     969  2003   338
3760    1358   656   473
3761     965   969   338
3762     965  1363  1385
3763     969  2009  1386
3764     670  2009   969
3765     969   965   670
3766     969  1386  2003
3767    1385   670   965
3768    1385  1355  1390
3769     670   476  2009
3770     971   476   670
3771     670  1385   970
3772    1385  1363  1355
3773    1347  1363   964
3774    2009   476   674
3775    1386  1387   478
3776    1386  2009  1387
3777    2010  1395   972
3778    1391   972   478
3779     478  1387  1391
3780    1389   478   972
3781    1392  1391  1387
3782    2015  1392   674
3783    1391  1394   972
3784     675  1394  1391
3785    1391  1392   675
3786    1392  1387   674
3787    2009   674  1387
3788     972  1394  2010
3789     674   476  2011
3790     338  1363   965
3791     971   970  2012
3792     971   670   970
3793    2011   476   971
3794     475  2011   971
3795     669   970  1390
3796    2011  2015   674
3797      99   669  1390
3798    2012   475   971
3799     669  2012   970
3800    1355   668  1390
3801    2011   475   671
3802    2013   675  1392
3803    2013  2015   242
3804    1394   675  1401
3805    2016   675  2013
3806    2013  1393  2016
3807    1392  2015  2013
3808     671  2014  2015
3809     242  1393  2013
3810    2014   242  2015
3811    2015  2011   671
3812    2016  1393   178
3813     970  1385  1390
3814     661  1355  1363
3815    1401   675  2016
3816    2017  1396  2018
3817    1396  1395  2010
3818     479  2017  1397
3819     479   678  2017
3820    1396  2010   975
3821     678  1396  2017
3822     679  2018  2022
3823    2018  1397  2017
3824    1397   679  2019
3825     679  1397  2018
3826    2018   975  2022
3827    2018  1396   975
3828    1394   975  2010
3829     479  1397  1399
3830    1398  1399   341
3831    1398   479  1399
3832    1400   341  1399
3833    1399  2020  1400
3834    1398   341   677
3835    2019  2021  2020
3836     973  2021  2019
3837    2020   680  1400
3838     680  2020  2021
3839     680  2021  1403
3840    2019  2020  1399
3841    1397  2019  1399
3842     973  2019   679
3843    1398  2008   479
3844    1401  2023  2022
3845    1401  2016  2023
3846     976   973   679
3847     976   679   974
3848    2022  2023   974
3849    1401  2022   975
3850    1402   974  2023
3851     974   480   976
3852     480   974  1402
3853    1402  2023   178
3854    1394  1401   975
3855     976   480  2024
3856     973  2024  1403
3857    2024   973   976
3858    1403  1404   680
3859    2025  1404  1403
3860    1403  2024  2025
3861     973  1403  2021
3862    2025   977  2026
3863     977  2025  2024
3864    2026     3  2025
3865    2025     3  1404
3866    2024   480   977
3867     679  2022   974
3868     178  2023  2016
3869     966  1386   478
3870      99  1390   668
3871    1329   945  1326
3872    1217  1214  1942
3873     416   832   833
# Generated by ./triangle -pneQ output.poly
