81
0	0
0	0.125
0	0.25
0	0.375
0	0.5
0	0.625
0	0.75
0	0.875
0	1
0.125	0
0.125	0.125
0.125	0.25
0.125	0.375
0.125	0.5
0.125	0.625
0.125	0.75
0.125	0.875
0.125	1
0.25	0
0.25	0.125
0.25	0.25
0.25	0.375
0.25	0.5
0.25	0.625
0.25	0.75
0.25	0.875
0.25	1
0.375	0
0.375	0.125
0.375	0.25
0.375	0.375
0.375	0.5
0.375	0.625
0.375	0.75
0.375	0.875
0.375	1
0.5	0
0.5	0.125
0.5	0.25
0.5	0.375
0.5	0.5
0.5	0.625
0.5	0.75
0.5	0.875
0.5	1
0.625	0
0.625	0.125
0.625	0.25
0.625	0.375
0.625	0.5
0.625	0.625
0.625	0.75
0.625	0.875
0.625	1
0.75	0
0.75	0.125
0.75	0.25
0.75	0.375
0.75	0.5
0.75	0.625
0.75	0.75
0.75	0.875
0.75	1
0.875	0
0.875	0.125
0.875	0.25
0.875	0.375
0.875	0.5
0.875	0.625
0.875	0.75
0.875	0.875
0.875	1
1	0
1	0.125
1	0.25
1	0.375
1	0.5
1	0.625
1	0.75
1	0.875
1	1

128
9	10	0
10	11	1
11	12	2
12	13	3
13	14	4
14	15	5
15	16	6
16	17	7
18	19	9
19	20	10
20	21	11
21	22	12
22	23	13
23	24	14
24	25	15
25	26	16
27	28	18
28	29	19
29	30	20
30	31	21
31	32	22
32	33	23
33	34	24
34	35	25
36	37	27
37	38	28
38	39	29
39	40	30
40	41	31
41	42	32
42	43	33
43	44	34
45	46	36
46	47	37
47	48	38
48	49	39
49	50	40
50	51	41
51	52	42
52	53	43
54	55	45
55	56	46
56	57	47
57	58	48
58	59	49
59	60	50
60	61	51
61	62	52
63	64	54
64	65	55
65	66	56
66	67	57
67	68	58
68	69	59
69	70	60
70	71	61
72	73	63
73	74	64
74	75	65
75	76	66
76	77	67
77	78	68
78	79	69
79	80	70
1	0	10
2	1	11
3	2	12
4	3	13
5	4	14
6	5	15
7	6	16
8	7	17
10	9	19
11	10	20
12	11	21
13	12	22
14	13	23
15	14	24
16	15	25
17	16	26
19	18	28
20	19	29
21	20	30
22	21	31
23	22	32
24	23	33
25	24	34
26	25	35
28	27	37
29	28	38
30	29	39
31	30	40
32	31	41
33	32	42
34	33	43
35	34	44
37	36	46
38	37	47
39	38	48
40	39	49
41	40	50
42	41	51
43	42	52
44	43	53
46	45	55
47	46	56
48	47	57
49	48	58
50	49	59
51	50	60
52	51	61
53	52	62
55	54	64
56	55	65
57	56	66
58	57	67
59	58	68
60	59	69
61	60	70
62	61	71
64	63	73
65	64	74
66	65	75
67	66	76
68	67	77
69	68	78
70	69	79
71	70	80

32
0
1
2
3
4
5
6
7
8
9
17
18
26
27
35
36
44
45
53
54
62
63
71
72
73
74
75
76
77
78
79
80
