time	L2Error	H1Error
0.000625	0.00155553	0.0604769
0.00125	0.00156199	0.0605116
0.001875	0.00156833	0.0605466
0.0025	0.00157457	0.0605817
0.003125	0.00158071	0.060617
0.00375	0.00158676	0.0606523
0.004375	0.00159273	0.0606878
0.005	0.00159861	0.0607235
0.005625	0.00160442	0.0607592
0.00625	0.00161015	0.060795
0.006875	0.00161581	0.0608309
0.0075	0.0016214	0.0608669
0.008125	0.00162692	0.0609029
0.00875	0.00163238	0.0609391
0.009375	0.00163778	0.0609753
0.01	0.00164312	0.0610116
0.010625	0.0016484	0.061048
0.01125	0.00165362	0.0610844
0.011875	0.00165879	0.0611209
0.0125	0.0016639	0.0611575
0.013125	0.00166896	0.0611941
0.01375	0.00167396	0.0612308
0.014375	0.00167892	0.0612676
0.015	0.00168383	0.0613044
0.015625	0.00168869	0.0613413
0.01625	0.0016935	0.0613783
0.016875	0.00169826	0.0614153
0.0175	0.00170298	0.0614523
0.018125	0.00170765	0.0614894
0.01875	0.00171228	0.0615266
0.019375	0.00171687	0.0615638
0.02	0.00172141	0.0616011
0.020625	0.00172592	0.0616384
0.02125	0.00173038	0.0616758
0.021875	0.0017348	0.0617132
0.0225	0.00173918	0.0617507
0.023125	0.00174352	0.0617882
0.02375	0.00174782	0.0618258
0.024375	0.00175209	0.0618634
0.025	0.00175632	0.061901
0.025625	0.00176051	0.0619387
0.02625	0.00176466	0.0619765
0.026875	0.00176878	0.0620143
0.0275	0.00177287	0.0620522
0.028125	0.00177692	0.06209
0.02875	0.00178093	0.062128
0.029375	0.00178491	0.062166
0.03	0.00178886	0.062204
0.030625	0.00179278	0.062242
0.03125	0.00179666	0.0622801
0.031875	0.00180051	0.0623183
0.0325	0.00180433	0.0623565
0.033125	0.00180812	0.0623947
0.03375	0.00181188	0.062433
0.034375	0.00181561	0.0624713
0.035	0.00181931	0.0625096
0.035625	0.00182297	0.062548
0.03625	0.00182661	0.0625865
0.036875	0.00183022	0.0626249
0.0375	0.00183381	0.0626634
0.038125	0.00183736	0.062702
0.03875	0.00184089	0.0627406
0.039375	0.00184439	0.0627792
0.04	0.00184786	0.0628178
0.040625	0.00185131	0.0628565
0.04125	0.00185473	0.0628953
0.041875	0.00185812	0.062934
0.0425	0.00186149	0.0629728
0.043125	0.00186483	0.0630117
0.04375	0.00186815	0.0630505
0.044375	0.00187144	0.0630894
0.045	0.00187471	0.0631284
0.045625	0.00187796	0.0631674
0.04625	0.00188118	0.0632064
0.046875	0.00188438	0.0632454
0.0475	0.00188755	0.0632845
0.048125	0.00189071	0.0633236
0.04875	0.00189384	0.0633628
0.049375	0.00189694	0.063402
0.05	0.00190003	0.0634412
0.050625	0.00190309	0.0634804
0.05125	0.00190614	0.0635197
0.051875	0.00190916	0.063559
0.0525	0.00191216	0.0635984
0.053125	0.00191514	0.0636377
0.05375	0.0019181	0.0636772
0.054375	0.00192104	0.0637166
0.055	0.00192396	0.0637561
0.055625	0.00192686	0.0637956
0.05625	0.00192974	0.0638351
0.056875	0.0019326	0.0638747
0.0575	0.00193544	0.0639143
0.058125	0.00193826	0.0639539
0.05875	0.00194107	0.0639936
0.059375	0.00194386	0.0640333
0.06	0.00194663	0.064073
0.060625	0.00194938	0.0641128
0.06125	0.00195211	0.0641526
0.061875	0.00195483	0.0641924
0.0625	0.00195753	0.0642323
0.063125	0.00196021	0.0642722
0.06375	0.00196288	0.0643121
0.064375	0.00196553	0.064352
0.065	0.00196816	0.064392
0.065625	0.00197078	0.064432
0.06625	0.00197339	0.064472
0.066875	0.00197597	0.0645121
0.0675	0.00197854	0.0645522
0.068125	0.0019811	0.0645923
0.06875	0.00198364	0.0646325
0.069375	0.00198617	0.0646726
0.07	0.00198868	0.0647129
0.070625	0.00199118	0.0647531
0.07125	0.00199366	0.0647934
0.071875	0.00199613	0.0648337
0.0725	0.00199859	0.064874
0.073125	0.00200103	0.0649144
0.07375	0.00200346	0.0649547
0.074375	0.00200587	0.0649952
0.075	0.00200827	0.0650356
0.075625	0.00201066	0.0650761
0.07625	0.00201304	0.0651166
0.076875	0.0020154	0.0651571
0.0775	0.00201775	0.0651977
0.078125	0.00202009	0.0652383
0.07875	0.00202242	0.0652789
0.079375	0.00202474	0.0653195
0.08	0.00202704	0.0653602
0.080625	0.00202933	0.0654009
0.08125	0.00203161	0.0654416
0.081875	0.00203388	0.0654824
0.0825	0.00203614	0.0655232
0.083125	0.00203838	0.065564
0.08375	0.00204062	0.0656048
0.084375	0.00204284	0.0656457
0.085	0.00204506	0.0656866
0.085625	0.00204726	0.0657275
0.08625	0.00204945	0.0657685
0.086875	0.00205164	0.0658095
0.0875	0.00205381	0.0658505
0.088125	0.00205597	0.0658915
0.08875	0.00205813	0.0659326
0.089375	0.00206027	0.0659737
0.09	0.00206241	0.0660148
0.090625	0.00206453	0.066056
0.09125	0.00206665	0.0660972
0.091875	0.00206875	0.0661384
0.0925	0.00207085	0.0661796
0.093125	0.00207294	0.0662209
0.09375	0.00207502	0.0662622
0.094375	0.00207709	0.0663035
0.095	0.00207915	0.0663448
0.095625	0.00208121	0.0663862
0.09625	0.00208325	0.0664276
0.096875	0.00208529	0.0664691
0.0975	0.00208732	0.0665105
0.098125	0.00208934	0.066552
0.09875	0.00209136	0.0665935
0.099375	0.00209337	0.066635
0.1	0.00209536	0.0666766
0.100625	0.00209736	0.0667182
0.10125	0.00209934	0.0667598
0.101875	0.00210132	0.0668015
0.1025	0.00210329	0.0668432
0.103125	0.00210525	0.0668849
0.10375	0.0021072	0.0669266
0.104375	0.00210915	0.0669684
0.105	0.00211109	0.0670102
0.105625	0.00211303	0.067052
0.10625	0.00211496	0.0670938
0.106875	0.00211688	0.0671357
0.1075	0.00211879	0.0671776
0.108125	0.0021207	0.0672195
0.10875	0.00212261	0.0672615
0.109375	0.0021245	0.0673034
0.11	0.00212639	0.0673455
0.110625	0.00212828	0.0673875
0.11125	0.00213016	0.0674296
0.111875	0.00213203	0.0674716
0.1125	0.0021339	0.0675138
0.113125	0.00213576	0.0675559
0.11375	0.00213762	0.0675981
0.114375	0.00213947	0.0676403
0.115	0.00214131	0.0676825
0.115625	0.00214315	0.0677248
0.11625	0.00214499	0.067767
0.116875	0.00214682	0.0678094
0.1175	0.00214864	0.0678517
0.118125	0.00215046	0.0678941
0.11875	0.00215228	0.0679365
0.119375	0.00215409	0.0679789
0.12	0.00215589	0.0680213
0.120625	0.00215769	0.0680638
0.12125	0.00215949	0.0681063
0.121875	0.00216128	0.0681488
0.1225	0.00216306	0.0681914
0.123125	0.00216485	0.068234
0.12375	0.00216662	0.0682766
0.124375	0.0021684	0.0683192
0.125	0.00217017	0.0683619
0.125625	0.00217193	0.0684046
0.12625	0.00217369	0.0684473
0.126875	0.00217545	0.06849
0.1275	0.0021772	0.0685328
0.128125	0.00217895	0.0685756
0.12875	0.0021807	0.0686184
0.129375	0.00218244	0.0686613
0.13	0.00218418	0.0687042
0.130625	0.00218591	0.0687471
0.13125	0.00218764	0.06879
0.131875	0.00218937	0.068833
0.1325	0.00219109	0.068876
0.133125	0.00219281	0.068919
0.13375	0.00219453	0.0689621
0.134375	0.00219624	0.0690052
0.135	0.00219795	0.0690483
0.135625	0.00219966	0.0690914
0.13625	0.00220136	0.0691346
0.136875	0.00220306	0.0691777
0.1375	0.00220476	0.069221
0.138125	0.00220645	0.0692642
0.13875	0.00220814	0.0693075
0.139375	0.00220983	0.0693508
0.14	0.00221152	0.0693941
0.140625	0.0022132	0.0694374
0.14125	0.00221488	0.0694808
0.141875	0.00221656	0.0695242
0.1425	0.00221823	0.0695677
0.143125	0.0022199	0.0696111
0.14375	0.00222157	0.0696546
0.144375	0.00222324	0.0696981
0.145	0.0022249	0.0697417
0.145625	0.00222657	0.0697853
0.14625	0.00222823	0.0698289
0.146875	0.00222988	0.0698725
0.1475	0.00223154	0.0699162
0.148125	0.00223319	0.0699598
0.14875	0.00223484	0.0700036
0.149375	0.00223649	0.0700473
0.15	0.00223813	0.0700911
0.150625	0.00223978	0.0701349
0.15125	0.00224142	0.0701787
0.151875	0.00224306	0.0702225
0.1525	0.00224469	0.0702664
0.153125	0.00224633	0.0703103
0.15375	0.00224796	0.0703543
0.154375	0.00224959	0.0703982
0.155	0.00225122	0.0704422
0.155625	0.00225285	0.0704862
0.15625	0.00225448	0.0705303
0.156875	0.0022561	0.0705743
0.1575	0.00225773	0.0706184
0.158125	0.00225935	0.0706626
0.15875	0.00226097	0.0707067
0.159375	0.00226258	0.0707509
0.16	0.0022642	0.0707951
0.160625	0.00226581	0.0708394
0.16125	0.00226743	0.0708836
0.161875	0.00226904	0.0709279
0.1625	0.00227065	0.0709723
0.163125	0.00227226	0.0710166
0.16375	0.00227386	0.071061
0.164375	0.00227547	0.0711054
0.165	0.00227707	0.0711498
0.165625	0.00227868	0.0711943
0.16625	0.00228028	0.0712388
0.166875	0.00228188	0.0712833
0.1675	0.00228348	0.0713279
0.168125	0.00228508	0.0713724
0.16875	0.00228667	0.071417
0.169375	0.00228827	0.0714617
0.17	0.00228986	0.0715063
0.170625	0.00229146	0.071551
0.17125	0.00229305	0.0715958
0.171875	0.00229464	0.0716405
0.1725	0.00229623	0.0716853
0.173125	0.00229782	0.0717301
0.17375	0.00229941	0.0717749
0.174375	0.002301	0.0718198
0.175	0.00230258	0.0718647
0.175625	0.00230417	0.0719096
0.17625	0.00230575	0.0719545
0.176875	0.00230734	0.0719995
0.1775	0.00230892	0.0720445
0.178125	0.0023105	0.0720895
0.17875	0.00231208	0.0721346
0.179375	0.00231366	0.0721797
0.18	0.00231524	0.0722248
0.180625	0.00231682	0.0722699
0.18125	0.0023184	0.0723151
0.181875	0.00231998	0.0723603
0.1825	0.00232156	0.0724055
0.183125	0.00232313	0.0724508
0.18375	0.00232471	0.072496
0.184375	0.00232628	0.0725414
0.185	0.00232786	0.0725867
0.185625	0.00232943	0.0726321
0.18625	0.00233101	0.0726775
0.186875	0.00233258	0.0727229
0.1875	0.00233415	0.0727683
0.188125	0.00233572	0.0728138
0.18875	0.0023373	0.0728593
0.189375	0.00233887	0.0729049
0.19	0.00234044	0.0729505
0.190625	0.00234201	0.0729961
0.19125	0.00234358	0.0730417
0.191875	0.00234515	0.0730873
0.1925	0.00234672	0.073133
0.193125	0.00234829	0.0731787
0.19375	0.00234985	0.0732245
0.194375	0.00235142	0.0732702
0.195	0.00235299	0.073316
0.195625	0.00235456	0.0733619
0.19625	0.00235613	0.0734077
0.196875	0.00235769	0.0734536
0.1975	0.00235926	0.0734995
0.198125	0.00236083	0.0735455
0.19875	0.00236239	0.0735914
0.199375	0.00236396	0.0736374
0.2	0.00236553	0.0736835
0.200625	0.00236709	0.0737295
0.20125	0.00236866	0.0737756
0.201875	0.00237023	0.0738217
0.2025	0.00237179	0.0738679
0.203125	0.00237336	0.0739141
0.20375	0.00237492	0.0739603
0.204375	0.00237649	0.0740065
0.205	0.00237805	0.0740528
0.205625	0.00237962	0.074099
0.20625	0.00238118	0.0741454
0.206875	0.00238275	0.0741917
0.2075	0.00238431	0.0742381
0.208125	0.00238588	0.0742845
0.20875	0.00238745	0.0743309
0.209375	0.00238901	0.0743774
0.21	0.00239058	0.0744239
0.210625	0.00239214	0.0744704
0.21125	0.00239371	0.074517
0.211875	0.00239527	0.0745635
0.2125	0.00239684	0.0746102
0.213125	0.0023984	0.0746568
0.21375	0.00239997	0.0747035
0.214375	0.00240154	0.0747502
0.215	0.0024031	0.0747969
0.215625	0.00240467	0.0748436
0.21625	0.00240624	0.0748904
0.216875	0.0024078	0.0749372
0.2175	0.00240937	0.0749841
0.218125	0.00241094	0.075031
0.21875	0.0024125	0.0750779
0.219375	0.00241407	0.0751248
0.22	0.00241564	0.0751718
0.220625	0.00241721	0.0752188
0.22125	0.00241878	0.0752658
0.221875	0.00242034	0.0753128
0.2225	0.00242191	0.0753599
0.223125	0.00242348	0.075407
0.22375	0.00242505	0.0754542
0.224375	0.00242662	0.0755013
0.225	0.00242819	0.0755485
0.225625	0.00242976	0.0755958
0.22625	0.00243133	0.075643
0.226875	0.0024329	0.0756903
0.2275	0.00243447	0.0757376
0.228125	0.00243605	0.075785
0.22875	0.00243762	0.0758323
0.229375	0.00243919	0.0758797
0.23	0.00244076	0.0759272
0.230625	0.00244233	0.0759746
0.23125	0.00244391	0.0760221
0.231875	0.00244548	0.0760697
0.2325	0.00244706	0.0761172
0.233125	0.00244863	0.0761648
0.23375	0.00245021	0.0762124
0.234375	0.00245178	0.0762601
0.235	0.00245336	0.0763077
0.235625	0.00245493	0.0763554
0.23625	0.00245651	0.0764032
0.236875	0.00245809	0.0764509
0.2375	0.00245966	0.0764987
0.238125	0.00246124	0.0765465
0.23875	0.00246282	0.0765944
0.239375	0.0024644	0.0766423
0.24	0.00246598	0.0766902
0.240625	0.00246756	0.0767381
0.24125	0.00246914	0.0767861
0.241875	0.00247072	0.0768341
0.2425	0.0024723	0.0768821
0.243125	0.00247388	0.0769302
0.24375	0.00247547	0.0769783
0.244375	0.00247705	0.0770264
0.245	0.00247863	0.0770746
0.245625	0.00248022	0.0771228
0.24625	0.0024818	0.077171
0.246875	0.00248339	0.0772192
0.2475	0.00248497	0.0772675
0.248125	0.00248656	0.0773158
0.24875	0.00248815	0.0773641
0.249375	0.00248973	0.0774125
0.25	0.00249132	0.0774609
0.250625	0.00249291	0.0775093
0.25125	0.0024945	0.0775578
0.251875	0.00249609	0.0776063
0.2525	0.00249768	0.0776548
0.253125	0.00249927	0.0777033
0.25375	0.00250086	0.0777519
0.254375	0.00250245	0.0778005
0.255	0.00250405	0.0778491
0.255625	0.00250564	0.0778978
0.25625	0.00250724	0.0779465
0.256875	0.00250883	0.0779952
0.2575	0.00251043	0.078044
0.258125	0.00251202	0.0780928
0.25875	0.00251362	0.0781416
0.259375	0.00251522	0.0781905
0.26	0.00251681	0.0782394
0.260625	0.00251841	0.0782883
0.26125	0.00252001	0.0783372
0.261875	0.00252161	0.0783862
0.2625	0.00252321	0.0784352
0.263125	0.00252482	0.0784842
0.26375	0.00252642	0.0785333
0.264375	0.00252802	0.0785824
0.265	0.00252962	0.0786315
0.265625	0.00253123	0.0786807
0.26625	0.00253283	0.0787299
0.266875	0.00253444	0.0787791
0.2675	0.00253605	0.0788283
0.268125	0.00253765	0.0788776
0.26875	0.00253926	0.0789269
0.269375	0.00254087	0.0789763
0.27	0.00254248	0.0790256
0.270625	0.00254409	0.079075
0.27125	0.0025457	0.0791245
0.271875	0.00254731	0.0791739
0.2725	0.00254892	0.0792234
0.273125	0.00255054	0.079273
0.27375	0.00255215	0.0793225
0.274375	0.00255377	0.0793721
0.275	0.00255538	0.0794217
0.275625	0.002557	0.0794714
0.27625	0.00255861	0.0795211
0.276875	0.00256023	0.0795708
0.2775	0.00256185	0.0796205
0.278125	0.00256347	0.0796703
0.27875	0.00256509	0.0797201
0.279375	0.00256671	0.07977
0.28	0.00256833	0.0798198
0.280625	0.00256995	0.0798697
0.28125	0.00257158	0.0799197
0.281875	0.0025732	0.0799696
0.2825	0.00257483	0.0800196
0.283125	0.00257645	0.0800697
0.28375	0.00257808	0.0801197
0.284375	0.00257971	0.0801698
0.285	0.00258133	0.0802199
0.285625	0.00258296	0.0802701
0.28625	0.00258459	0.0803203
0.286875	0.00258622	0.0803705
0.2875	0.00258785	0.0804207
0.288125	0.00258949	0.080471
0.28875	0.00259112	0.0805213
0.289375	0.00259275	0.0805716
0.29	0.00259439	0.080622
0.290625	0.00259602	0.0806724
0.29125	0.00259766	0.0807228
0.291875	0.0025993	0.0807733
0.2925	0.00260094	0.0808238
0.293125	0.00260258	0.0808743
0.29375	0.00260422	0.0809249
0.294375	0.00260586	0.0809755
0.295	0.0026075	0.0810261
0.295625	0.00260914	0.0810768
0.29625	0.00261078	0.0811275
0.296875	0.00261243	0.0811782
0.2975	0.00261407	0.0812289
0.298125	0.00261572	0.0812797
0.29875	0.00261737	0.0813305
0.299375	0.00261901	0.0813814
0.3	0.00262066	0.0814323
0.300625	0.00262231	0.0814832
0.30125	0.00262396	0.0815341
0.301875	0.00262561	0.0815851
0.3025	0.00262727	0.0816361
0.303125	0.00262892	0.0816871
0.30375	0.00263057	0.0817382
0.304375	0.00263223	0.0817893
0.305	0.00263388	0.0818404
0.305625	0.00263554	0.0818916
0.30625	0.0026372	0.0819428
0.306875	0.00263886	0.081994
0.3075	0.00264052	0.0820453
0.308125	0.00264218	0.0820966
0.30875	0.00264384	0.0821479
0.309375	0.0026455	0.0821993
0.31	0.00264716	0.0822507
0.310625	0.00264883	0.0823021
0.31125	0.00265049	0.0823535
0.311875	0.00265216	0.082405
0.3125	0.00265382	0.0824565
0.313125	0.00265549	0.0825081
0.31375	0.00265716	0.0825597
0.314375	0.00265883	0.0826113
0.315	0.0026605	0.0826629
0.315625	0.00266217	0.0827146
0.31625	0.00266384	0.0827663
0.316875	0.00266552	0.0828181
0.3175	0.00266719	0.0828698
0.318125	0.00266887	0.0829217
0.31875	0.00267054	0.0829735
0.319375	0.00267222	0.0830254
0.32	0.0026739	0.0830773
0.320625	0.00267558	0.0831292
0.32125	0.00267726	0.0831812
0.321875	0.00267894	0.0832332
0.3225	0.00268062	0.0832852
0.323125	0.0026823	0.0833373
0.32375	0.00268399	0.0833894
0.324375	0.00268567	0.0834415
0.325	0.00268736	0.0834937
0.325625	0.00268904	0.0835459
0.32625	0.00269073	0.0835981
0.326875	0.00269242	0.0836504
0.3275	0.00269411	0.0837027
0.328125	0.0026958	0.083755
0.32875	0.00269749	0.0838074
0.329375	0.00269919	0.0838598
0.33	0.00270088	0.0839122
0.330625	0.00270257	0.0839647
0.33125	0.00270427	0.0840172
0.331875	0.00270597	0.0840697
0.3325	0.00270766	0.0841222
0.333125	0.00270936	0.0841748
0.33375	0.00271106	0.0842275
0.334375	0.00271276	0.0842801
0.335	0.00271446	0.0843328
0.335625	0.00271617	0.0843855
0.33625	0.00271787	0.0844383
0.336875	0.00271957	0.0844911
0.3375	0.00272128	0.0845439
0.338125	0.00272299	0.0845968
0.33875	0.00272469	0.0846497
0.339375	0.0027264	0.0847026
0.34	0.00272811	0.0847555
0.340625	0.00272982	0.0848085
0.34125	0.00273153	0.0848615
0.341875	0.00273325	0.0849146
0.3425	0.00273496	0.0849677
0.343125	0.00273667	0.0850208
0.34375	0.00273839	0.085074
0.344375	0.00274011	0.0851271
0.345	0.00274182	0.0851804
0.345625	0.00274354	0.0852336
0.34625	0.00274526	0.0852869
0.346875	0.00274698	0.0853402
0.3475	0.0027487	0.0853936
0.348125	0.00275043	0.085447
0.34875	0.00275215	0.0855004
0.349375	0.00275387	0.0855538
0.35	0.0027556	0.0856073
0.350625	0.00275733	0.0856609
0.35125	0.00275905	0.0857144
0.351875	0.00276078	0.085768
0.3525	0.00276251	0.0858216
0.353125	0.00276424	0.0858753
0.35375	0.00276598	0.085929
0.354375	0.00276771	0.0859827
0.355	0.00276944	0.0860364
0.355625	0.00277118	0.0860902
0.35625	0.00277291	0.086144
0.356875	0.00277465	0.0861979
0.3575	0.00277639	0.0862518
0.358125	0.00277813	0.0863057
0.35875	0.00277987	0.0863597
0.359375	0.00278161	0.0864137
0.36	0.00278335	0.0864677
0.360625	0.00278509	0.0865218
0.36125	0.00278684	0.0865758
0.361875	0.00278858	0.08663
0.3625	0.00279033	0.0866841
0.363125	0.00279208	0.0867383
0.36375	0.00279383	0.0867926
0.364375	0.00279558	0.0868468
0.365	0.00279733	0.0869011
0.365625	0.00279908	0.0869554
0.36625	0.00280083	0.0870098
0.366875	0.00280259	0.0870642
0.3675	0.00280434	0.0871186
0.368125	0.0028061	0.0871731
0.36875	0.00280785	0.0872276
0.369375	0.00280961	0.0872821
0.37	0.00281137	0.0873367
0.370625	0.00281313	0.0873913
0.37125	0.00281489	0.0874459
0.371875	0.00281666	0.0875006
0.3725	0.00281842	0.0875553
0.373125	0.00282018	0.0876101
0.37375	0.00282195	0.0876648
0.374375	0.00282372	0.0877196
0.375	0.00282548	0.0877745
0.375625	0.00282725	0.0878294
0.37625	0.00282902	0.0878843
0.376875	0.00283079	0.0879392
0.3775	0.00283257	0.0879942
0.378125	0.00283434	0.0880492
0.37875	0.00283611	0.0881042
0.379375	0.00283789	0.0881593
0.38	0.00283966	0.0882144
0.380625	0.00284144	0.0882696
0.38125	0.00284322	0.0883248
0.381875	0.002845	0.08838
0.3825	0.00284678	0.0884353
0.383125	0.00284856	0.0884905
0.38375	0.00285035	0.0885459
0.384375	0.00285213	0.0886012
0.385	0.00285391	0.0886566
0.385625	0.0028557	0.0887121
0.38625	0.00285749	0.0887675
0.386875	0.00285928	0.088823
0.3875	0.00286107	0.0888785
0.388125	0.00286286	0.0889341
0.38875	0.00286465	0.0889897
0.389375	0.00286644	0.0890453
0.39	0.00286823	0.089101
0.390625	0.00287003	0.0891567
0.39125	0.00287183	0.0892125
0.391875	0.00287362	0.0892682
0.3925	0.00287542	0.089324
0.393125	0.00287722	0.0893799
0.39375	0.00287902	0.0894358
0.394375	0.00288082	0.0894917
0.395	0.00288263	0.0895476
0.395625	0.00288443	0.0896036
0.39625	0.00288623	0.0896596
0.396875	0.00288804	0.0897157
0.3975	0.00288985	0.0897718
0.398125	0.00289166	0.0898279
0.39875	0.00289346	0.0898841
0.399375	0.00289527	0.0899403
0.4	0.00289709	0.0899965
0.400625	0.0028989	0.0900528
0.40125	0.00290071	0.0901091
0.401875	0.00290253	0.0901654
0.4025	0.00290434	0.0902218
0.403125	0.00290616	0.0902782
0.40375	0.00290798	0.0903346
0.404375	0.0029098	0.0903911
0.405	0.00291162	0.0904476
0.405625	0.00291344	0.0905041
0.40625	0.00291526	0.0905607
0.406875	0.00291709	0.0906173
0.4075	0.00291891	0.090674
0.408125	0.00292074	0.0907307
0.40875	0.00292257	0.0907874
0.409375	0.00292439	0.0908442
0.41	0.00292622	0.090901
0.410625	0.00292805	0.0909578
0.41125	0.00292989	0.0910147
0.411875	0.00293172	0.0910716
0.4125	0.00293355	0.0911285
0.413125	0.00293539	0.0911855
0.41375	0.00293722	0.0912425
0.414375	0.00293906	0.0912995
0.415	0.0029409	0.0913566
0.415625	0.00294274	0.0914137
0.41625	0.00294458	0.0914709
0.416875	0.00294642	0.0915281
0.4175	0.00294827	0.0915853
0.418125	0.00295011	0.0916425
0.41875	0.00295195	0.0916998
0.419375	0.0029538	0.0917572
0.42	0.00295565	0.0918145
0.420625	0.0029575	0.0918719
0.42125	0.00295935	0.0919294
0.421875	0.0029612	0.0919869
0.4225	0.00296305	0.0920444
0.423125	0.0029649	0.0921019
0.42375	0.00296676	0.0921595
0.424375	0.00296861	0.0922171
0.425	0.00297047	0.0922748
0.425625	0.00297233	0.0923325
0.42625	0.00297419	0.0923902
0.426875	0.00297605	0.0924479
0.4275	0.00297791	0.0925057
0.428125	0.00297977	0.0925636
0.42875	0.00298164	0.0926214
0.429375	0.0029835	0.0926793
0.43	0.00298537	0.0927373
0.430625	0.00298723	0.0927953
0.43125	0.0029891	0.0928533
0.431875	0.00299097	0.0929113
0.4325	0.00299284	0.0929694
0.433125	0.00299471	0.0930275
0.43375	0.00299659	0.0930857
0.434375	0.00299846	0.0931439
0.435	0.00300034	0.0932021
0.435625	0.00300221	0.0932604
0.43625	0.00300409	0.0933187
0.436875	0.00300597	0.0933771
0.4375	0.00300785	0.0934354
0.438125	0.00300973	0.0934938
0.43875	0.00301161	0.0935523
0.439375	0.0030135	0.0936108
0.44	0.00301538	0.0936693
0.440625	0.00301727	0.0937279
0.44125	0.00301915	0.0937865
0.441875	0.00302104	0.0938451
0.4425	0.00302293	0.0939038
0.443125	0.00302482	0.0939625
0.44375	0.00302671	0.0940212
0.444375	0.00302861	0.09408
0.445	0.0030305	0.0941388
0.445625	0.0030324	0.0941977
0.44625	0.00303429	0.0942566
0.446875	0.00303619	0.0943155
0.4475	0.00303809	0.0943745
0.448125	0.00303999	0.0944335
0.44875	0.00304189	0.0944925
0.449375	0.00304379	0.0945516
0.45	0.0030457	0.0946107
0.450625	0.0030476	0.0946699
0.45125	0.00304951	0.094729
0.451875	0.00305141	0.0947883
0.4525	0.00305332	0.0948475
0.453125	0.00305523	0.0949068
0.45375	0.00305714	0.0949662
0.454375	0.00305905	0.0950255
0.455	0.00306097	0.0950849
0.455625	0.00306288	0.0951444
0.45625	0.0030648	0.0952039
0.456875	0.00306671	0.0952634
0.4575	0.00306863	0.095323
0.458125	0.00307055	0.0953825
0.45875	0.00307247	0.0954422
0.459375	0.00307439	0.0955019
0.46	0.00307631	0.0955616
0.460625	0.00307824	0.0956213
0.46125	0.00308016	0.0956811
0.461875	0.00308209	0.0957409
0.4625	0.00308402	0.0958008
0.463125	0.00308594	0.0958607
0.46375	0.00308787	0.0959206
0.464375	0.0030898	0.0959806
0.465	0.00309174	0.0960406
0.465625	0.00309367	0.0961006
0.46625	0.0030956	0.0961607
0.466875	0.00309754	0.0962208
0.4675	0.00309948	0.096281
0.468125	0.00310141	0.0963412
0.46875	0.00310335	0.0964014
0.469375	0.00310529	0.0964617
0.47	0.00310724	0.096522
0.470625	0.00310918	0.0965823
0.47125	0.00311112	0.0966427
0.471875	0.00311307	0.0967031
0.4725	0.00311502	0.0967636
0.473125	0.00311696	0.0968241
0.47375	0.00311891	0.0968846
0.474375	0.00312086	0.0969452
0.475	0.00312281	0.0970058
0.475625	0.00312477	0.0970664
0.47625	0.00312672	0.0971271
0.476875	0.00312868	0.0971878
0.4775	0.00313063	0.0972486
0.478125	0.00313259	0.0973094
0.47875	0.00313455	0.0973702
0.479375	0.00313651	0.0974311
0.48	0.00313847	0.097492
0.480625	0.00314043	0.097553
0.48125	0.0031424	0.097614
0.481875	0.00314436	0.097675
0.4825	0.00314633	0.0977361
0.483125	0.00314829	0.0977972
0.48375	0.00315026	0.0978583
0.484375	0.00315223	0.0979195
0.485	0.0031542	0.0979807
0.485625	0.00315618	0.098042
0.48625	0.00315815	0.0981033
0.486875	0.00316012	0.0981646
0.4875	0.0031621	0.098226
0.488125	0.00316408	0.0982874
0.48875	0.00316606	0.0983488
0.489375	0.00316803	0.0984103
0.49	0.00317002	0.0984718
0.490625	0.003172	0.0985334
0.49125	0.00317398	0.098595
0.491875	0.00317597	0.0986566
0.4925	0.00317795	0.0987183
0.493125	0.00317994	0.09878
0.49375	0.00318193	0.0988418
0.494375	0.00318392	0.0989036
0.495	0.00318591	0.0989654
0.495625	0.0031879	0.0990273
0.49625	0.00318989	0.0990892
0.496875	0.00319189	0.0991512
0.4975	0.00319388	0.0992132
0.498125	0.00319588	0.0992752
0.49875	0.00319788	0.0993372
0.499375	0.00319988	0.0993994
0.5	0.00320188	0.0994615
0.500625	0.00320388	0.0995237
0.50125	0.00320588	0.0995859
0.501875	0.00320789	0.0996482
0.5025	0.00320989	0.0997105
0.503125	0.0032119	0.0997728
0.50375	0.00321391	0.0998352
0.504375	0.00321592	0.0998976
0.505	0.00321793	0.0999601
0.505625	0.00321994	0.100023
0.50625	0.00322195	0.100085
0.506875	0.00322397	0.100148
0.5075	0.00322598	0.10021
0.508125	0.003228	0.100273
0.50875	0.00323002	0.100336
0.509375	0.00323204	0.100398
0.51	0.00323406	0.100461
0.510625	0.00323608	0.100524
0.51125	0.00323811	0.100587
0.511875	0.00324013	0.10065
0.5125	0.00324216	0.100713
0.513125	0.00324418	0.100776
0.51375	0.00324621	0.100839
0.514375	0.00324824	0.100902
0.515	0.00325027	0.100965
0.515625	0.0032523	0.101028
0.51625	0.00325434	0.101091
0.516875	0.00325637	0.101154
0.5175	0.00325841	0.101217
0.518125	0.00326045	0.101281
0.51875	0.00326248	0.101344
0.519375	0.00326452	0.101407
0.52	0.00326657	0.101471
0.520625	0.00326861	0.101534
0.52125	0.00327065	0.101598
0.521875	0.0032727	0.101661
0.5225	0.00327474	0.101725
0.523125	0.00327679	0.101788
0.52375	0.00327884	0.101852
0.524375	0.00328089	0.101916
0.525	0.00328294	0.101979
0.525625	0.00328499	0.102043
0.52625	0.00328705	0.102107
0.526875	0.0032891	0.102171
0.5275	0.00329116	0.102235
0.528125	0.00329322	0.102299
0.52875	0.00329527	0.102363
0.529375	0.00329733	0.102427
0.53	0.0032994	0.102491
0.530625	0.00330146	0.102555
0.53125	0.00330352	0.102619
0.531875	0.00330559	0.102683
0.5325	0.00330766	0.102747
0.533125	0.00330972	0.102811
0.53375	0.00331179	0.102876
0.534375	0.00331386	0.10294
0.535	0.00331594	0.103004
0.535625	0.00331801	0.103069
0.53625	0.00332008	0.103133
0.536875	0.00332216	0.103198
0.5375	0.00332424	0.103262
0.538125	0.00332631	0.103327
0.53875	0.00332839	0.103391
0.539375	0.00333048	0.103456
0.54	0.00333256	0.103521
0.540625	0.00333464	0.103585
0.54125	0.00333673	0.10365
0.541875	0.00333881	0.103715
0.5425	0.0033409	0.10378
0.543125	0.00334299	0.103845
0.54375	0.00334508	0.10391
0.544375	0.00334717	0.103974
0.545	0.00334926	0.104039
0.545625	0.00335136	0.104105
0.54625	0.00335345	0.10417
0.546875	0.00335555	0.104235
0.5475	0.00335765	0.1043
0.548125	0.00335975	0.104365
0.54875	0.00336185	0.10443
0.549375	0.00336395	0.104496
0.55	0.00336605	0.104561
0.550625	0.00336816	0.104626
0.55125	0.00337026	0.104692
0.551875	0.00337237	0.104757
0.5525	0.00337448	0.104823
0.553125	0.00337659	0.104888
0.55375	0.0033787	0.104954
0.554375	0.00338081	0.105019
0.555	0.00338292	0.105085
0.555625	0.00338504	0.105151
0.55625	0.00338716	0.105217
0.556875	0.00338927	0.105282
0.5575	0.00339139	0.105348
0.558125	0.00339351	0.105414
0.55875	0.00339563	0.10548
0.559375	0.00339776	0.105546
0.56	0.00339988	0.105612
0.560625	0.00340201	0.105678
0.56125	0.00340413	0.105744
0.561875	0.00340626	0.10581
0.5625	0.00340839	0.105876
0.563125	0.00341052	0.105942
0.56375	0.00341266	0.106009
0.564375	0.00341479	0.106075
0.565	0.00341692	0.106141
0.565625	0.00341906	0.106208
0.56625	0.0034212	0.106274
0.566875	0.00342334	0.10634
0.5675	0.00342548	0.106407
0.568125	0.00342762	0.106473
0.56875	0.00342976	0.10654
0.569375	0.00343191	0.106607
0.57	0.00343405	0.106673
0.570625	0.0034362	0.10674
0.57125	0.00343835	0.106807
0.571875	0.0034405	0.106873
0.5725	0.00344265	0.10694
0.573125	0.0034448	0.107007
0.57375	0.00344695	0.107074
0.574375	0.00344911	0.107141
0.575	0.00345127	0.107208
0.575625	0.00345342	0.107275
0.57625	0.00345558	0.107342
0.576875	0.00345774	0.107409
0.5775	0.0034599	0.107476
0.578125	0.00346207	0.107544
0.57875	0.00346423	0.107611
0.579375	0.0034664	0.107678
0.58	0.00346857	0.107745
0.580625	0.00347073	0.107813
0.58125	0.0034729	0.10788
0.581875	0.00347507	0.107948
0.5825	0.00347725	0.108015
0.583125	0.00347942	0.108083
0.58375	0.0034816	0.10815
0.584375	0.00348377	0.108218
0.585	0.00348595	0.108285
0.585625	0.00348813	0.108353
0.58625	0.00349031	0.108421
0.586875	0.00349249	0.108489
0.5875	0.00349468	0.108556
0.588125	0.00349686	0.108624
0.58875	0.00349905	0.108692
0.589375	0.00350124	0.10876
0.59	0.00350343	0.108828
0.590625	0.00350562	0.108896
0.59125	0.00350781	0.108964
0.591875	0.00351	0.109032
0.5925	0.00351219	0.109101
0.593125	0.00351439	0.109169
0.59375	0.00351659	0.109237
0.594375	0.00351879	0.109305
0.595	0.00352099	0.109374
0.595625	0.00352319	0.109442
0.59625	0.00352539	0.109511
0.596875	0.00352759	0.109579
0.5975	0.0035298	0.109647
0.598125	0.00353201	0.109716
0.59875	0.00353422	0.109785
0.599375	0.00353642	0.109853
0.6	0.00353864	0.109922
0.600625	0.00354085	0.109991
0.60125	0.00354306	0.110059
0.601875	0.00354528	0.110128
0.6025	0.00354749	0.110197
0.603125	0.00354971	0.110266
0.60375	0.00355193	0.110335
0.604375	0.00355415	0.110404
0.605	0.00355637	0.110473
0.605625	0.0035586	0.110542
0.60625	0.00356082	0.110611
0.606875	0.00356305	0.11068
0.6075	0.00356528	0.110749
0.608125	0.0035675	0.110819
0.60875	0.00356973	0.110888
0.609375	0.00357197	0.110957
0.61	0.0035742	0.111027
0.610625	0.00357643	0.111096
0.61125	0.00357867	0.111166
0.611875	0.00358091	0.111235
0.6125	0.00358315	0.111305
0.613125	0.00358539	0.111374
0.61375	0.00358763	0.111444
0.614375	0.00358987	0.111513
0.615	0.00359212	0.111583
0.615625	0.00359436	0.111653
0.61625	0.00359661	0.111723
0.616875	0.00359886	0.111793
0.6175	0.00360111	0.111863
0.618125	0.00360336	0.111932
0.61875	0.00360561	0.112002
0.619375	0.00360787	0.112072
0.62	0.00361012	0.112143
0.620625	0.00361238	0.112213
0.62125	0.00361464	0.112283
0.621875	0.0036169	0.112353
0.6225	0.00361916	0.112423
0.623125	0.00362142	0.112494
0.62375	0.00362368	0.112564
0.624375	0.00362595	0.112634
0.625	0.00362822	0.112705
0.625625	0.00363049	0.112775
0.62625	0.00363276	0.112846
0.626875	0.00363503	0.112916
0.6275	0.0036373	0.112987
0.628125	0.00363957	0.113057
0.62875	0.00364185	0.113128
0.629375	0.00364413	0.113199
0.63	0.0036464	0.11327
0.630625	0.00364868	0.11334
0.63125	0.00365096	0.113411
0.631875	0.00365325	0.113482
0.6325	0.00365553	0.113553
0.633125	0.00365782	0.113624
0.63375	0.0036601	0.113695
0.634375	0.00366239	0.113766
0.635	0.00366468	0.113837
0.635625	0.00366697	0.113909
0.63625	0.00366927	0.11398
0.636875	0.00367156	0.114051
0.6375	0.00367385	0.114122
0.638125	0.00367615	0.114194
0.63875	0.00367845	0.114265
0.639375	0.00368075	0.114336
0.64	0.00368305	0.114408
0.640625	0.00368535	0.114479
0.64125	0.00368766	0.114551
0.641875	0.00368996	0.114623
0.6425	0.00369227	0.114694
0.643125	0.00369458	0.114766
0.64375	0.00369689	0.114838
0.644375	0.0036992	0.11491
0.645	0.00370151	0.114981
0.645625	0.00370383	0.115053
0.64625	0.00370614	0.115125
0.646875	0.00370846	0.115197
0.6475	0.00371078	0.115269
0.648125	0.0037131	0.115341
0.64875	0.00371542	0.115413
0.649375	0.00371774	0.115486
0.65	0.00372007	0.115558
0.650625	0.00372239	0.11563
0.65125	0.00372472	0.115702
0.651875	0.00372705	0.115775
0.6525	0.00372938	0.115847
0.653125	0.00373171	0.115919
0.65375	0.00373404	0.115992
0.654375	0.00373638	0.116064
0.655	0.00373871	0.116137
0.655625	0.00374105	0.11621
0.65625	0.00374339	0.116282
0.656875	0.00374573	0.116355
0.6575	0.00374807	0.116428
0.658125	0.00375042	0.116501
0.65875	0.00375276	0.116573
0.659375	0.00375511	0.116646
0.66	0.00375745	0.116719
0.660625	0.0037598	0.116792
0.66125	0.00376215	0.116865
0.661875	0.00376451	0.116938
0.6625	0.00376686	0.117011
0.663125	0.00376921	0.117084
0.66375	0.00377157	0.117158
0.664375	0.00377393	0.117231
0.665	0.00377629	0.117304
0.665625	0.00377865	0.117378
0.66625	0.00378101	0.117451
0.666875	0.00378338	0.117524
0.6675	0.00378574	0.117598
0.668125	0.00378811	0.117671
0.66875	0.00379048	0.117745
0.669375	0.00379285	0.117819
0.67	0.00379522	0.117892
0.670625	0.00379759	0.117966
0.67125	0.00379996	0.11804
0.671875	0.00380234	0.118113
0.6725	0.00380472	0.118187
0.673125	0.0038071	0.118261
0.67375	0.00380948	0.118335
0.674375	0.00381186	0.118409
0.675	0.00381424	0.118483
0.675625	0.00381663	0.118557
0.67625	0.00381901	0.118631
0.676875	0.0038214	0.118705
0.6775	0.00382379	0.11878
0.678125	0.00382618	0.118854
0.67875	0.00382857	0.118928
0.679375	0.00383096	0.119003
0.68	0.00383336	0.119077
0.680625	0.00383576	0.119151
0.68125	0.00383815	0.119226
0.681875	0.00384055	0.119301
0.6825	0.00384296	0.119375
0.683125	0.00384536	0.11945
0.68375	0.00384776	0.119524
0.684375	0.00385017	0.119599
0.685	0.00385257	0.119674
0.685625	0.00385498	0.119749
0.68625	0.00385739	0.119824
0.686875	0.0038598	0.119899
0.6875	0.00386222	0.119973
0.688125	0.00386463	0.120048
0.68875	0.00386705	0.120124
0.689375	0.00386947	0.120199
0.69	0.00387189	0.120274
0.690625	0.00387431	0.120349
0.69125	0.00387673	0.120424
0.691875	0.00387915	0.120499
0.6925	0.00388158	0.120575
0.693125	0.003884	0.12065
0.69375	0.00388643	0.120726
0.694375	0.00388886	0.120801
0.695	0.00389129	0.120877
0.695625	0.00389373	0.120952
0.69625	0.00389616	0.121028
0.696875	0.0038986	0.121104
0.6975	0.00390103	0.121179
0.698125	0.00390347	0.121255
0.69875	0.00390591	0.121331
0.699375	0.00390836	0.121407
0.7	0.0039108	0.121483
0.700625	0.00391324	0.121558
0.70125	0.00391569	0.121634
0.701875	0.00391814	0.121711
0.7025	0.00392059	0.121787
0.703125	0.00392304	0.121863
0.70375	0.00392549	0.121939
0.704375	0.00392795	0.122015
0.705	0.0039304	0.122091
0.705625	0.00393286	0.122168
0.70625	0.00393532	0.122244
0.706875	0.00393778	0.122321
0.7075	0.00394024	0.122397
0.708125	0.0039427	0.122474
0.70875	0.00394517	0.12255
0.709375	0.00394764	0.122627
0.71	0.0039501	0.122703
0.710625	0.00395257	0.12278
0.71125	0.00395504	0.122857
0.711875	0.00395752	0.122934
0.7125	0.00395999	0.123011
0.713125	0.00396247	0.123088
0.71375	0.00396494	0.123164
0.714375	0.00396742	0.123241
0.715	0.0039699	0.123319
0.715625	0.00397239	0.123396
0.71625	0.00397487	0.123473
0.716875	0.00397735	0.12355
0.7175	0.00397984	0.123627
0.718125	0.00398233	0.123704
0.71875	0.00398482	0.123782
0.719375	0.00398731	0.123859
0.72	0.0039898	0.123937
0.720625	0.0039923	0.124014
0.72125	0.00399479	0.124092
0.721875	0.00399729	0.124169
0.7225	0.00399979	0.124247
0.723125	0.00400229	0.124325
0.72375	0.00400479	0.124402
0.724375	0.0040073	0.12448
0.725	0.0040098	0.124558
0.725625	0.00401231	0.124636
0.72625	0.00401482	0.124714
0.726875	0.00401733	0.124792
0.7275	0.00401984	0.12487
0.728125	0.00402235	0.124948
0.72875	0.00402487	0.125026
0.729375	0.00402738	0.125104
0.73	0.0040299	0.125182
0.730625	0.00403242	0.125261
0.73125	0.00403494	0.125339
0.731875	0.00403746	0.125417
0.7325	0.00403999	0.125496
0.733125	0.00404251	0.125574
0.73375	0.00404504	0.125653
0.734375	0.00404757	0.125731
0.735	0.0040501	0.12581
0.735625	0.00405263	0.125888
0.73625	0.00405517	0.125967
0.736875	0.0040577	0.126046
0.7375	0.00406024	0.126125
0.738125	0.00406278	0.126203
0.73875	0.00406532	0.126282
0.739375	0.00406786	0.126361
0.74	0.0040704	0.12644
0.740625	0.00407295	0.126519
0.74125	0.00407549	0.126598
0.741875	0.00407804	0.126678
0.7425	0.00408059	0.126757
0.743125	0.00408314	0.126836
0.74375	0.00408569	0.126915
0.744375	0.00408825	0.126995
0.745	0.0040908	0.127074
0.745625	0.00409336	0.127154
0.74625	0.00409592	0.127233
0.746875	0.00409848	0.127313
0.7475	0.00410104	0.127392
0.748125	0.00410361	0.127472
0.74875	0.00410617	0.127552
0.749375	0.00410874	0.127631
0.75	0.00411131	0.127711
0.750625	0.00411388	0.127791
0.75125	0.00411645	0.127871
0.751875	0.00411903	0.127951
0.7525	0.0041216	0.128031
0.753125	0.00412418	0.128111
0.75375	0.00412676	0.128191
0.754375	0.00412934	0.128271
0.755	0.00413192	0.128351
0.755625	0.0041345	0.128431
0.75625	0.00413709	0.128512
0.756875	0.00413967	0.128592
0.7575	0.00414226	0.128673
0.758125	0.00414485	0.128753
0.75875	0.00414744	0.128833
0.759375	0.00415003	0.128914
0.76	0.00415263	0.128995
0.760625	0.00415523	0.129075
0.76125	0.00415782	0.129156
0.761875	0.00416042	0.129237
0.7625	0.00416302	0.129317
0.763125	0.00416563	0.129398
0.76375	0.00416823	0.129479
0.764375	0.00417084	0.12956
0.765	0.00417344	0.129641
0.765625	0.00417605	0.129722
0.76625	0.00417866	0.129803
0.766875	0.00418128	0.129885
0.7675	0.00418389	0.129966
0.768125	0.00418651	0.130047
0.76875	0.00418912	0.130128
0.769375	0.00419174	0.13021
0.77	0.00419436	0.130291
0.770625	0.00419699	0.130372
0.77125	0.00419961	0.130454
0.771875	0.00420224	0.130536
0.7725	0.00420486	0.130617
0.773125	0.00420749	0.130699
0.77375	0.00421012	0.130781
0.774375	0.00421275	0.130862
0.775	0.00421539	0.130944
0.775625	0.00421802	0.131026
0.77625	0.00422066	0.131108
0.776875	0.0042233	0.13119
0.7775	0.00422594	0.131272
0.778125	0.00422858	0.131354
0.77875	0.00423123	0.131436
0.779375	0.00423387	0.131518
0.78	0.00423652	0.1316
0.780625	0.00423917	0.131683
0.78125	0.00424182	0.131765
0.781875	0.00424447	0.131847
0.7825	0.00424712	0.13193
0.783125	0.00424978	0.132012
0.78375	0.00425243	0.132095
0.784375	0.00425509	0.132177
0.785	0.00425775	0.13226
0.785625	0.00426042	0.132343
0.78625	0.00426308	0.132426
0.786875	0.00426574	0.132508
0.7875	0.00426841	0.132591
0.788125	0.00427108	0.132674
0.78875	0.00427375	0.132757
0.789375	0.00427642	0.13284
0.79	0.0042791	0.132923
0.790625	0.00428177	0.133006
0.79125	0.00428445	0.133089
0.791875	0.00428713	0.133173
0.7925	0.00428981	0.133256
0.793125	0.00429249	0.133339
0.79375	0.00429517	0.133422
0.794375	0.00429786	0.133506
0.795	0.00430054	0.133589
0.795625	0.00430323	0.133673
0.79625	0.00430592	0.133756
0.796875	0.00430862	0.13384
0.7975	0.00431131	0.133924
0.798125	0.004314	0.134007
0.79875	0.0043167	0.134091
0.799375	0.0043194	0.134175
0.8	0.0043221	0.134259
0.800625	0.0043248	0.134343
0.80125	0.00432751	0.134427
0.801875	0.00433021	0.134511
0.8025	0.00433292	0.134595
0.803125	0.00433563	0.134679
0.80375	0.00433834	0.134763
0.804375	0.00434105	0.134848
0.805	0.00434377	0.134932
0.805625	0.00434648	0.135016
0.80625	0.0043492	0.135101
0.806875	0.00435192	0.135185
0.8075	0.00435464	0.13527
0.808125	0.00435736	0.135354
0.80875	0.00436009	0.135439
0.809375	0.00436281	0.135524
0.81	0.00436554	0.135608
0.810625	0.00436827	0.135693
0.81125	0.004371	0.135778
0.811875	0.00437373	0.135863
0.8125	0.00437647	0.135948
0.813125	0.0043792	0.136033
0.81375	0.00438194	0.136118
0.814375	0.00438468	0.136203
0.815	0.00438742	0.136288
0.815625	0.00439016	0.136373
0.81625	0.00439291	0.136459
0.816875	0.00439566	0.136544
0.8175	0.0043984	0.136629
0.818125	0.00440115	0.136715
0.81875	0.00440391	0.1368
0.819375	0.00440666	0.136886
0.82	0.00440941	0.136971
0.820625	0.00441217	0.137057
0.82125	0.00441493	0.137143
0.821875	0.00441769	0.137228
0.8225	0.00442045	0.137314
0.823125	0.00442321	0.1374
0.82375	0.00442598	0.137486
0.824375	0.00442875	0.137572
0.825	0.00443152	0.137658
0.825625	0.00443429	0.137744
0.82625	0.00443706	0.13783
0.826875	0.00443983	0.137916
0.8275	0.00444261	0.138002
0.828125	0.00444539	0.138089
0.82875	0.00444817	0.138175
0.829375	0.00445095	0.138261
0.83	0.00445373	0.138348
0.830625	0.00445651	0.138434
0.83125	0.0044593	0.138521
0.831875	0.00446209	0.138607
0.8325	0.00446488	0.138694
0.833125	0.00446767	0.138781
0.83375	0.00447046	0.138868
0.834375	0.00447326	0.138954
0.835	0.00447605	0.139041
0.835625	0.00447885	0.139128
0.83625	0.00448165	0.139215
0.836875	0.00448445	0.139302
0.8375	0.00448726	0.139389
0.838125	0.00449006	0.139476
0.83875	0.00449287	0.139564
0.839375	0.00449568	0.139651
0.84	0.00449849	0.139738
0.840625	0.0045013	0.139826
0.84125	0.00450412	0.139913
0.841875	0.00450693	0.14
0.8425	0.00450975	0.140088
0.843125	0.00451257	0.140176
0.84375	0.00451539	0.140263
0.844375	0.00451821	0.140351
0.845	0.00452104	0.140439
0.845625	0.00452386	0.140526
0.84625	0.00452669	0.140614
0.846875	0.00452952	0.140702
0.8475	0.00453236	0.14079
0.848125	0.00453519	0.140878
0.84875	0.00453802	0.140966
0.849375	0.00454086	0.141054
0.85	0.0045437	0.141143
0.850625	0.00454654	0.141231
0.85125	0.00454938	0.141319
0.851875	0.00455223	0.141407
0.8525	0.00455507	0.141496
0.853125	0.00455792	0.141584
0.85375	0.00456077	0.141673
0.854375	0.00456362	0.141761
0.855	0.00456648	0.14185
0.855625	0.00456933	0.141939
0.85625	0.00457219	0.142027
0.856875	0.00457505	0.142116
0.8575	0.00457791	0.142205
0.858125	0.00458077	0.142294
0.85875	0.00458363	0.142383
0.859375	0.0045865	0.142472
0.86	0.00458937	0.142561
0.860625	0.00459223	0.14265
0.86125	0.00459511	0.142739
0.861875	0.00459798	0.142829
0.8625	0.00460085	0.142918
0.863125	0.00460373	0.143007
0.86375	0.00460661	0.143097
0.864375	0.00460949	0.143186
0.865	0.00461237	0.143276
0.865625	0.00461525	0.143365
0.86625	0.00461814	0.143455
0.866875	0.00462103	0.143545
0.8675	0.00462391	0.143634
0.868125	0.00462681	0.143724
0.86875	0.0046297	0.143814
0.869375	0.00463259	0.143904
0.87	0.00463549	0.143994
0.870625	0.00463839	0.144084
0.87125	0.00464129	0.144174
0.871875	0.00464419	0.144264
0.8725	0.00464709	0.144354
0.873125	0.00465	0.144445
0.87375	0.0046529	0.144535
0.874375	0.00465581	0.144625
0.875	0.00465872	0.144716
0.875625	0.00466164	0.144806
0.87625	0.00466455	0.144897
0.876875	0.00466747	0.144987
0.8775	0.00467039	0.145078
0.878125	0.00467331	0.145169
0.87875	0.00467623	0.145259
0.879375	0.00467915	0.14535
0.88	0.00468208	0.145441
0.880625	0.004685	0.145532
0.88125	0.00468793	0.145623
0.881875	0.00469086	0.145714
0.8825	0.0046938	0.145805
0.883125	0.00469673	0.145896
0.88375	0.00469967	0.145987
0.884375	0.00470261	0.146079
0.885	0.00470555	0.14617
0.885625	0.00470849	0.146261
0.88625	0.00471143	0.146353
0.886875	0.00471438	0.146444
0.8875	0.00471732	0.146536
0.888125	0.00472027	0.146628
0.88875	0.00472322	0.146719
0.889375	0.00472618	0.146811
0.89	0.00472913	0.146903
0.890625	0.00473209	0.146995
0.89125	0.00473505	0.147086
0.891875	0.00473801	0.147178
0.8925	0.00474097	0.14727
0.893125	0.00474393	0.147363
0.89375	0.0047469	0.147455
0.894375	0.00474987	0.147547
0.895	0.00475284	0.147639
0.895625	0.00475581	0.147731
0.89625	0.00475878	0.147824
0.896875	0.00476176	0.147916
0.8975	0.00476473	0.148009
0.898125	0.00476771	0.148101
0.89875	0.00477069	0.148194
0.899375	0.00477368	0.148286
0.9	0.00477666	0.148379
0.900625	0.00477965	0.148472
0.90125	0.00478264	0.148565
0.901875	0.00478563	0.148658
0.9025	0.00478862	0.148751
0.903125	0.00479161	0.148844
0.90375	0.00479461	0.148937
0.904375	0.0047976	0.14903
0.905	0.0048006	0.149123
0.905625	0.00480361	0.149216
0.90625	0.00480661	0.149309
0.906875	0.00480961	0.149403
0.9075	0.00481262	0.149496
0.908125	0.00481563	0.14959
0.90875	0.00481864	0.149683
0.909375	0.00482165	0.149777
0.91	0.00482467	0.14987
0.910625	0.00482768	0.149964
0.91125	0.0048307	0.150058
0.911875	0.00483372	0.150152
0.9125	0.00483674	0.150245
0.913125	0.00483977	0.150339
0.91375	0.00484279	0.150433
0.914375	0.00484582	0.150527
0.915	0.00484885	0.150622
0.915625	0.00485188	0.150716
0.91625	0.00485492	0.15081
0.916875	0.00485795	0.150904
0.9175	0.00486099	0.150999
0.918125	0.00486403	0.151093
0.91875	0.00486707	0.151187
0.919375	0.00487011	0.151282
0.92	0.00487316	0.151377
0.920625	0.0048762	0.151471
0.92125	0.00487925	0.151566
0.921875	0.0048823	0.151661
0.9225	0.00488535	0.151755
0.923125	0.00488841	0.15185
0.92375	0.00489146	0.151945
0.924375	0.00489452	0.15204
0.925	0.00489758	0.152135
0.925625	0.00490064	0.15223
0.92625	0.00490371	0.152326
0.926875	0.00490677	0.152421
0.9275	0.00490984	0.152516
0.928125	0.00491291	0.152612
0.92875	0.00491598	0.152707
0.929375	0.00491906	0.152802
0.93	0.00492213	0.152898
0.930625	0.00492521	0.152994
0.93125	0.00492829	0.153089
0.931875	0.00493137	0.153185
0.9325	0.00493445	0.153281
0.933125	0.00493754	0.153376
0.93375	0.00494062	0.153472
0.934375	0.00494371	0.153568
0.935	0.0049468	0.153664
0.935625	0.0049499	0.15376
0.93625	0.00495299	0.153857
0.936875	0.00495609	0.153953
0.9375	0.00495919	0.154049
0.938125	0.00496229	0.154145
0.93875	0.00496539	0.154242
0.939375	0.00496849	0.154338
0.94	0.0049716	0.154435
0.940625	0.00497471	0.154531
0.94125	0.00497782	0.154628
0.941875	0.00498093	0.154724
0.9425	0.00498404	0.154821
0.943125	0.00498716	0.154918
0.94375	0.00499028	0.155015
0.944375	0.0049934	0.155112
0.945	0.00499652	0.155209
0.945625	0.00499964	0.155306
0.94625	0.00500277	0.155403
0.946875	0.0050059	0.1555
0.9475	0.00500903	0.155597
0.948125	0.00501216	0.155694
0.94875	0.00501529	0.155792
0.949375	0.00501843	0.155889
0.95	0.00502157	0.155987
0.950625	0.0050247	0.156084
0.95125	0.00502785	0.156182
0.951875	0.00503099	0.156279
0.9525	0.00503413	0.156377
0.953125	0.00503728	0.156475
0.95375	0.00504043	0.156573
0.954375	0.00504358	0.156671
0.955	0.00504674	0.156769
0.955625	0.00504989	0.156867
0.95625	0.00505305	0.156965
0.956875	0.00505621	0.157063
0.9575	0.00505937	0.157161
0.958125	0.00506253	0.157259
0.95875	0.0050657	0.157358
0.959375	0.00506886	0.157456
0.96	0.00507203	0.157554
0.960625	0.0050752	0.157653
0.96125	0.00507838	0.157751
0.961875	0.00508155	0.15785
0.9625	0.00508473	0.157949
0.963125	0.00508791	0.158047
0.96375	0.00509109	0.158146
0.964375	0.00509427	0.158245
0.965	0.00509746	0.158344
0.965625	0.00510064	0.158443
0.96625	0.00510383	0.158542
0.966875	0.00510702	0.158641
0.9675	0.00511022	0.15874
0.968125	0.00511341	0.15884
0.96875	0.00511661	0.158939
0.969375	0.00511981	0.159038
0.97	0.00512301	0.159138
0.970625	0.00512621	0.159237
0.97125	0.00512942	0.159337
0.971875	0.00513262	0.159436
0.9725	0.00513583	0.159536
0.973125	0.00513904	0.159636
0.97375	0.00514226	0.159736
0.974375	0.00514547	0.159836
0.975	0.00514869	0.159935
0.975625	0.00515191	0.160035
0.97625	0.00515513	0.160136
0.976875	0.00515835	0.160236
0.9775	0.00516157	0.160336
0.978125	0.0051648	0.160436
0.97875	0.00516803	0.160536
0.979375	0.00517126	0.160637
0.98	0.00517449	0.160737
0.980625	0.00517773	0.160838
0.98125	0.00518097	0.160938
0.981875	0.00518421	0.161039
0.9825	0.00518745	0.16114
0.983125	0.00519069	0.16124
0.98375	0.00519394	0.161341
0.984375	0.00519718	0.161442
0.985	0.00520043	0.161543
0.985625	0.00520368	0.161644
0.98625	0.00520694	0.161745
0.986875	0.00521019	0.161846
0.9875	0.00521345	0.161947
0.988125	0.00521671	0.162048
0.98875	0.00521997	0.16215
0.989375	0.00522323	0.162251
0.99	0.0052265	0.162353
0.990625	0.00522977	0.162454
0.99125	0.00523304	0.162556
0.991875	0.00523631	0.162657
0.9925	0.00523958	0.162759
0.993125	0.00524286	0.162861
0.99375	0.00524614	0.162963
0.994375	0.00524942	0.163064
0.995	0.0052527	0.163166
0.995625	0.00525598	0.163268
0.99625	0.00525927	0.16337
0.996875	0.00526256	0.163473
0.9975	0.00526585	0.163575
0.998125	0.00526914	0.163677
0.99875	0.00527243	0.163779
0.999375	0.00527573	0.163882
1	0.00527903	0.163984
