121.816
1429.77
168233
1326.89
1828.74
2705.98
1926.46
2.10682e+06
1.14471e+06
253.988
1755.83
2816.8
1935.56
1462.29
1308.43
2912.48
469.003
2476.01
3119.31
527704
2489.49
12597
3502.68
3.22643e+06
1.41276e+06
1952.95
1017.47
2863.51
11022.4
1893.15
773.35
2341.49
2326.12
303790
9428.86
3388.55
1650.68
1.43279e+06
206231
3695.94
2.15403e+06
511.032
3053.56
132989
1177.96
1372.13
298.558
1420.15
2592.1
2259.28
2844.33
248933
51703.9
1452.95
1728.41
1240.15
2662.34
451.564
1010.03
1.22209e+06
2599.13
3035.28
2732.56
159477
4469.4
362319
2926.56
603662
3051.56
3433.29
1.98548e+06
1.30065e+06
813992
1.57845e+06
3372.9
1.93138e+06
5498.71
2.7797e+06
1.18082e+06
932332
1.55762e+06
7528.58
2572.79
1.81929e+06
1.33211e+06
242945
1.53517e+06
230324
80563.1
1.21438e+06
546.912
845.117
869.395
133.6
164.886
2622.23
3276.21
1562.6
2486.34
2505.36
30393.5
21433.8
18255.6
7747.41
2.26752e+06
3571.38
879470
35662
291294
515500
920644
2.3665e+06
2.86417e+06
1.4643e+06
1.30696e+06
2082.57
197.273
474.727
1444.82
1862.52
3250.55
2952.77
20011.8
3122.33
2511.46
2876.46
1588.05
365633
1029.51
2779.77
3212.72
214632
92450.9
2626.95
1207.48
1791.53
11329
44869.5
3280.84
430387
3819.86
342716
922949
35286.1
3316.78
2657.21
1.88974e+06
1.62067e+06
843495
926726
2242.34
1808.78
1710.55
3291.23
11109
85162.7
2448.03
238283
60859.2
26611
1806.44
27300.5
3063.91
3386.52
3426.26
135018
171353
1.41086e+06
26647.5
7635.28
40852.8
61683.1
183380
103623
570317
1.1012e+06
2.36498e+06
483690
1.39594e+06
1.54498e+06
1.48562e+06
1.35709e+06
68610
165059
1.32704e+06
1.34073e+06
419443
826574
441584
278805
1.92273e+06
3.51637e+06
2.75849e+06
92610
3.13238e+06
2.34908e+06
1.40923e+06
2.2707e+06
465810
908379
2.7279e+06
298.165
2165.11
3142.48
3163.15
2323.38
2539.65
2177.49
1797.97
2443.89
2885.08
150523
115924
34754.1
2194.22
1781.99
1834.36
167554
9194.47
856673
147253
25298.5
496286
19167.4
167782
624461
418310
1567.13
834822
976139
1.10133e+06
1.07577e+06
868699
2823.11
3296.55
5203.05
2602.1
13968.6
5084.28
58391
74218.1
12764.1
30587.6
2878.42
14434.4
179611
949821
99250.4
219551
108178
1.75205e+06
322394
34328.7
77965.6
443723
1.68166e+06
1.72501e+06
1.89775e+06
1.6491e+06
1.73434e+06
1.21488e+06
1.77127e+06
1.39477e+06
1.66934e+06
1.53842e+06
1.66959e+06
1.93158e+06
1.82179e+06
1.77371e+06
1.5235e+06
2.00127e+06
1.30157e+06
1.46341e+06
1.13186e+06
1.80159e+06
602017
671.907
1541.3
2822.44
809.463
2912.93
2215.39
5752.94
5823.74
24213.6
27840.3
3023.94
115683
719637
234443
641414
281797
253902
324289
837967
3105.22
3237.82
2470.38
14442
7787.41
200427
231149
314725
34610
6476.48
285739
55434.7
241318
188656
426577
341967
985692
275429
1.07214e+06
755946
1.05222e+06
408135
553100
881804
1.763e+06
980563
1.87398e+06
2.03904e+06
1.55718e+06
1.58201e+06
2.1593e+06
2.25685e+06
1.35431e+06
123147
221420
124059
439950
807293
1.27227e+06
314071
1.57917e+06
506398
401739
333679
545923
370746
1.88932e+06
2.00024e+06
1.27553e+06
1.86437e+06
2.27491e+06
518226
1.23895e+06
1.08095e+06
601630
1.29995e+06
2.06267e+06
1.87062e+06
2.49237e+06
2.10637e+06
2.00756e+06
1.69387e+06
2.31688e+06
2.49352e+06
2.59993e+06
2.54012e+06
2.75306e+06
2.39312e+06
3.77466e+06
3.27347e+06
2.73794e+06
3.75709e+06
3.25804e+06
3.20141e+06
2.42953e+06
2.62477e+06
2.3543e+06
1.11175e+06
1.19302e+06
1.25519e+06
1.45088e+06
1.98635e+06
1.27003e+06
1.52734e+06
1.37336e+06
175279
2991.77
2713.97
1980.11
8354.27
53358.8
92350.3
222688
5441.33
3151.42
2220.51
2079.2
1551.67
1574.11
2147.41
6837.65
9986
73371.2
10083.9
103819
38598
1619.62
3034.38
37269.4
16264.6
111207
219569
85987.7
57485.5
24333.6
190255
6774.93
35284.5
91503.8
457850
126291
558724
419693
96463.4
6704.31
1583.8
13972.9
130239
248648
52622.9
153081
93846.3
232610
115404
199597
366963
539906
305068
471872
69831.6
367657
324900
892204
662607
766104
1.04608e+06
992583
485250
1.58869e+06
1.05329e+06
1.50958e+06
1.77683e+06
1.76222e+06
993001
223750
352164
485884
484285
516447
670956
680284
489668
362866
894879
501879
798034
567472
770358
1.05358e+06
1.32425e+06
1.75547e+06
1.15787e+06
1.48411e+06
945886
1.07447e+06
1.19988e+06
1.46479e+06
1.47388e+06
1.41924e+06
1.48098e+06
1.84293e+06
2837.63
210782
497669
616297
578360
667938
101447
675811
539036
976906
4736.21
643438
502113
1.05622e+06
1.11914e+06
1.80016e+06
1.61754e+06
1.3361e+06
1.94317e+06
1.71515e+06
2.02934e+06
2.1947e+06
1.89624e+06
924690
2.04884e+06
1.91253e+06
2.19997e+06
2.14064e+06
1.729e+06
1.96096e+06
1.75683e+06
1.85999e+06
1.57543e+06
1.82123e+06
1.58263e+06
1.96442e+06
1.83595e+06
1.60576e+06
1.69669e+06
1.62637e+06
2.90322e+06
2.86733e+06
2.43511e+06
1.65062e+06
2.14853e+06
2.29446e+06
1.83359e+06
1.07463e+06
1.0915e+06
1.40076e+06
1.11284e+06
854541
227880
648342
10164.6
17097
145100
3072.53
65860.6
94528.4
272329
197621
381573
556521
201461
271374
467904
355286
3400.63
3249.15
2688.89
3355.73
48292.2
3380.47
2942.82
2445.61
2044.74
5009.34
18603.8
31633.2
10816.7
3359.28
36221.2
13819.2
106410
338177
263193
466057
103945
120027
270225
224685
362019
262281
574932
390440
893840
519695
470821
701588
719582
731171
773416
791560
1.162e+06
880169
1.03009e+06
1.41052e+06
2261.9
19997.3
20491.6
32175.9
6818.89
33621.2
162781
221797
107114
56862.4
7474.57
73676
203458
125563
662894
354139
553323
330790
122271
937982
779837
458078
691797
1.11553e+06
578054
1.32906e+06
1.02138e+06
2792.45
1.52338e+06
1.15383e+06
1.47139e+06
1.22638e+06
1.25308e+06
1.63829e+06
1.52834e+06
1.60366e+06
1.4896e+06
2.37722e+06
2.34761e+06
1.90313e+06
1.67255e+06
1.45376e+06
1.94185e+06
1.84441e+06
1.95142e+06
2.10147e+06
2.81013e+06
2.33978e+06
2.34118e+06
2.76013e+06
2.84296e+06
2.91486e+06
3.25382e+06
803899
875333
1.07143e+06
1.02162e+06
684756
1.56492e+06
1.3873e+06
1.60097e+06
751743
1.76881e+06
2.14944e+06
2.18257e+06
1.18823e+06
1.44558e+06
2.16607e+06
1.94556e+06
873543
1.78139e+06
2.00128e+06
1.51686e+06
1.51078e+06
1.66518e+06
2.24699e+06
2.33661e+06
2.14938e+06
2.23568e+06
2.13412e+06
2.04101e+06
2.23771e+06
2.2402e+06
2.46308e+06
2.04493e+06
2.15863e+06
2.02384e+06
1.92151e+06
1.88615e+06
2.16197e+06
1.81137e+06
1.74143e+06
1.75418e+06
1.58473e+06
1.63607e+06
1.57967e+06
2.12262e+06
1.37124e+06
2.56356e+06
1.73023e+06
1.82106e+06
2.45982e+06
2.23817e+06
2.88225e+06
2.53961e+06
3.17559e+06
2.87409e+06
2.77587e+06
2.74474e+06
2.72977e+06
2.46953e+06
2.59716e+06
2.69944e+06
2.29135e+06
2.588e+06
2.67502e+06
2.2926e+06
3.39559e+06
2.72799e+06
3.37915e+06
3.69483e+06
3.57352e+06
3.54179e+06
3.55343e+06
3.18661e+06
3.65592e+06
3.80076e+06
3.45404e+06
3.59409e+06
3.04534e+06
3.35549e+06
3.64606e+06
3.55432e+06
2.8602e+06
2.5282e+06
2.45427e+06
1.6591e+06
2.19738e+06
1.67496e+06
2.08438e+06
2.17578e+06
2.60292e+06
1.98781e+06
1.69763e+06
1.81666e+06
1.72525e+06
2.13015e+06
1.16099e+06
682952
284149
424056
1610.65
3022.83
13467.4
27973.3
12122.3
24373.9
16001.3
42002
33328.3
45038.4
1887.77
2904.54
143353
188398
36148.2
146925
110162
185793
207978
146917
280978
65108.7
322596
621777
3623.43
3423.41
2716.35
1943.61
2658.75
4866.86
3533.63
2566.75
2534.72
2222.93
3754.42
2353.79
10724.9
17875.6
4390.21
4519.03
2572.73
24359.1
15328.3
5862.46
57631.8
119492
20579.1
62389.8
52948.2
121888
144404
186082
21983.6
155272
47310.2
78177.6
12096.9
15412
66835.7
59531.5
43541.8
94815.5
39457.7
4224.71
73648.1
94649.2
53781.9
95726.7
141280
205446
135377
199744
113877
188717
191931
240723
212025
254242
293334
362616
271097
167760
179438
2669.2
4273.93
8934.82
1855.83
7955.13
3729.22
2038.27
27519.9
18390.3
81674
34219.4
60677.9
24880.6
138141
37270
66844.3
107288
182094
119779
238615
217423
372908
233312
291320
269010
377336
421653
377195
302354
274558
385117
421194
440674
523691
456048
257394
389707
418034
515878
520329
488958
520154
552584
566183
572185
521470
456177
148690
223568
283456
300249
262018
206122
386933
411379
320878
407195
452962
623942
775245
910215
677326
582184
659858
1.24282e+06
1.05807e+06
526244
275702
303387
359174
400179
224859
411860
321261
545473
290486
704991
890393
548715
894256
953065
1.01172e+06
1.12727e+06
1.14822e+06
638781
755303
1.00278e+06
927243
1.39775e+06
2.07734e+06
1.55975e+06
1.15775e+06
1.33124e+06
1.36351e+06
1.53794e+06
1.28793e+06
1.14459e+06
2.10763e+06
1.91417e+06
526060
430523
544583
573753
555872
431141
679431
614858
679842
480092
437803
750501
1.00312e+06
738770
1.07374e+06
1.01261e+06
903027
787330
980344
738248
1.10499e+06
688944
740475
674163
634060
514626
646522
709276
782183
706234
938885
1.07575e+06
659500
978039
858593
879386
983344
1.07825e+06
1.02326e+06
998792
964263
1.04119e+06
1.02056e+06
1.17118e+06
1.14175e+06
1.11782e+06
1.26798e+06
1.53606e+06
1.27334e+06
1.64727e+06
1.44397e+06
1.50296e+06
1.37418e+06
1.22116e+06
1.90345e+06
1.89164e+06
1.90624e+06
1.70407e+06
1.63972e+06
1.52939e+06
1.42961e+06
1.54063e+06
1.30766e+06
1.43604e+06
1.43816e+06
1.50893e+06
1.68614e+06
1.60655e+06
1.55776e+06
1.42893e+06
1.52809e+06
179902
926741
792276
724413
105553
1.28519e+06
1.35185e+06
1.67683e+06
1.20933e+06
1.56163e+06
1.66904e+06
1.60604e+06
1.56529e+06
1.82106e+06
1.4918e+06
1.42257e+06
1.94594e+06
1.55949e+06
364227
629191
409741
17313.6
2835.59
187475
502928
540225
3042.54
21275.1
3014.74
74325
151717
50145
333832
450975
64310.2
30598.4
62436.7
119089
132811
65183.4
72286
165678
248507
1961.54
167416
385159
370793
301296
394135
426675
529697
467671
249967
584365
388130
291462
438231
567586
644136
741022
474656
651672
640063
960067
860680
734452
792766
607698
847944
1.02662e+06
1.00523e+06
1.14958e+06
739095
589397
1.00388e+06
650199
750993
851358
952214
901867
1.1082e+06
1.48291e+06
1.44039e+06
1.25913e+06
1.67759e+06
1.21962e+06
1.06518e+06
976628
1.32677e+06
1.34639e+06
1.35428e+06
1.49981e+06
1.52915e+06
1.17061e+06
1.39216e+06
1.60648e+06
1.55266e+06
1.84336e+06
2.07819e+06
1.77718e+06
1.92257e+06
1.87959e+06
1.67086e+06
2.18695e+06
2.28033e+06
1.98707e+06
2.28316e+06
2.08275e+06
2.10745e+06
1.41158e+06
681904
3912.88
135430
80821.4
352125
273467
208749
156020
64162.7
252881
181245
121009
255741
295388
311799
176603
403109
728707
508264
454767
601840
814387
987422
843471
473809
627021
450084
569575
730741
900105
1.12915e+06
854665
1.11631e+06
139074
2019.49
272193
362550
40669.6
65801.7
541839
804881
1.08963e+06
843687
1.07397e+06
1.18137e+06
1.23716e+06
711966
1.1959e+06
1.22226e+06
1.36297e+06
1.26542e+06
1.30795e+06
1.77681e+06
1.60056e+06
1.41031e+06
1.42044e+06
1.5124e+06
1.84552e+06
1.64782e+06
2.66526e+06
2.41451e+06
2.14846e+06
1.7122e+06
1.9085e+06
2.56906e+06
2.84356e+06
2.64623e+06
2.61713e+06
2.86717e+06
1.56121e+06
1.58095e+06
1.72556e+06
1.71766e+06
1.76687e+06
1.86213e+06
1.4533e+06
2.08863e+06
2.14044e+06
2.90639e+06
2.64013e+06
3.19683e+06
2.78289e+06
2.59351e+06
2.54896e+06
2.16284e+06
3.14961e+06
2.03617e+06
2.29171e+06
3.00367e+06
3.2995e+06
2.03298e+06
1.89564e+06
2.21228e+06
2.03081e+06
2.27589e+06
2.51814e+06
2.56528e+06
2.59929e+06
2.83683e+06
2.52128e+06
2.0815e+06
2.77231e+06
3.04716e+06
2.99026e+06
3.52597e+06
3.70732e+06
3.48107e+06
3.0017e+06
3.23123e+06
3.47752e+06
3.43826e+06
3.04247e+06
2.54543e+06
2.38202e+06
3.06755e+06
3.01408e+06
3.27216e+06
3.45923e+06
3.4488e+06
3.60805e+06
3.68222e+06
3.73371e+06
3.40436e+06
3.78815e+06
3.82472e+06
3.69095e+06
2.37237e+06
2.31962e+06
3.77653e+06
978641
1.1741e+06
1.69972e+06
1.48794e+06
1.76579e+06
1.49125e+06
1.87312e+06
1.92884e+06
1.36527e+06
2.07046e+06
1.70081e+06
1.64198e+06
2.03692e+06
1.80761e+06
2.04047e+06
1.91552e+06
2.1606e+06
2.04944e+06
2.22648e+06
2.14576e+06
2.35387e+06
1.82987e+06
2.21459e+06
2.27677e+06
2.34181e+06
2.04034e+06
2.48072e+06
2.36553e+06
2.39048e+06
2.45171e+06
1.85396e+06
2.61978e+06
2.67336e+06
2.69132e+06
2.61217e+06
2.71123e+06
2.7895e+06
2.60994e+06
2.8481e+06
3.01954e+06
2.97609e+06
2.85833e+06
2.80675e+06
2.86622e+06
2.78321e+06
3.20025e+06
3.13293e+06
3.0808e+06
2.98377e+06
2.75045e+06
2.8005e+06
2.7353e+06
2.74427e+06
2.76028e+06
2.79679e+06
2.7113e+06
2.68799e+06
2.47375e+06
2.69092e+06
2.48055e+06
2.39575e+06
2.4288e+06
2.59616e+06
2.59091e+06
2.59363e+06
2.45319e+06
2.44402e+06
3.40056e+06
3.31821e+06
3.60082e+06
3.7445e+06
3.69404e+06
3.41326e+06
3.38899e+06
3.4735e+06
3.26875e+06
3.67308e+06
3.58932e+06
3.81749e+06
3.418e+06
3.21551e+06
2.9904e+06
3.01428e+06
2.98724e+06
2.84215e+06
3.06999e+06
3.70252e+06
3.58493e+06
3.71276e+06
3.72042e+06
3.61161e+06
3.80693e+06
3.51681e+06
3.74005e+06
3.43133e+06
2.99503e+06
3.11002e+06
3.28802e+06
3.14042e+06
2.75529e+06
2.77117e+06
2.31547e+06
2.69916e+06
2.65294e+06
2.24389e+06
1.74317e+06
2.05257e+06
1.93713e+06
1.92053e+06
1.9383e+06
1.40954e+06
2.40081e+06
2.17883e+06
2.61086e+06
2.51298e+06
2.24267e+06
1.97102e+06
1.69091e+06
1.3703e+06
1.51057e+06
2.06764e+06
1.69117e+06
898025
1.35706e+06
834667
790.267
3044.45
2880.45
2128.49
1553.79
13268
45821.9
98702
83314.7
38914.7
85795.8
36734.9
45357.6
67887.6
89468.2
82110
194504
116676
249349
224044
184338
73672.1
164334
342911
307228
433487
416148
321458
287814
468827
522578
640761
1.22856e+06
1409.92
38462.6
49759.5
43143.2
29598.7
5153.27
9772.8
1813.59
2022.18
20770.8
59007.4
78212.2
68041.5
114419
138023
153843
55907.4
38159.3
61237.3
101237
122728
72515.3
93246.5
77299.7
55381.2
125668
97970.1
120130
117154
117601
142726
84319.1
144279
143498
152047
168232
173672
276607
215282
195776
166499
135001
181855
200031
172365
231651
219648
166464
269089
248723
252906
332170
273642
165398
187453
244467
210942
241873
144743
171888
168574
193824
174356
212898
219720
184776
156026
209091
192590
131364
229844
202596
246690
274738
238075
262799
232860
207881
231612
257306
260788
282722
307892
343750
329569
381038
373079
324107
319544
359929
318850
307710
342637
391305
396622
430569
404111
396682
458656
457959
481936
417969
253336
282741
398041
446691
446643
428833
1929.81
19296.1
7133.15
3388.57
55150.1
39996.5
14518.3
26313.3
41222.8
56122.6
112477
82397.2
151028
57302.8
157120
184922
300623
1576.96
29219
87928.3
72817.5
83595
112677
140322
225689
185648
266814
163910
320147
208121
220272
328833
278542
317388
267508
308247
353089
446759
429567
378981
411267
433261
465842
358076
327484
324339
382156
365416
303453
421977
455203
462288
389418
343494
476073
407793
434360
484216
493686
461440
519228
467387
481100
575455
458202
568256
471650
467846
435693
494137
545525
524498
540281
533497
493639
510145
487172
603104
564229
609735
531065
520855
627662
669792
533425
534701
531654
506175
561260
618861
645488
625802
578910
590588
689638
671118
525010
462056
452063
401045
360493
509587
334135
343824
360319
446308
431558
537798
502334
584799
399172
446781
463915
639138
577950
746723
924155
822475
868072
724064
808562
649904
701059
608571
987916
957112
920342
825114
368694
417504
503962
471026
580254
639256
467194
588016
516439
475769
494705
653327
617139
595051
717706
563554
659289
704409
471765
855875
826871
911438
765719
978291
942715
1.01001e+06
965543
801253
879693
767605
943645
975038
811867
700361
1.04375e+06
833107
1.04323e+06
924801
1.10768e+06
1.21699e+06
1.25572e+06
1.09671e+06
1.20803e+06
1.06097e+06
1.32699e+06
1.43515e+06
1.13645e+06
1.20861e+06
1.09663e+06
1.22164e+06
1.35527e+06
1.1807e+06
1.45678e+06
1.99193e+06
1.73435e+06
1.43938e+06
1.09502e+06
1.60876e+06
504211
550221
530342
597605
641692
617921
573398
700605
727427
638230
598665
558328
517550
602144
624464
515563
661228
627903
646666
593022
668771
653970
674898
597686
661202
655784
724829
712091
796134
743721
929375
856067
782554
831974
880367
810294
845996
949711
926510
750702
703094
977875
1.00885e+06
917178
1.01691e+06
1.03266e+06
1.02816e+06
1.09172e+06
963015
906498
958657
793942
751691
689344
745324
859637
903384
698722
780885
709980
992432
764180
728819
863183
1.06826e+06
1.14274e+06
962699
1.07994e+06
727616
762171
801187
852727
699453
954392
907388
956561
850372
945425
994284
1.04749e+06
987137
1.03983e+06
1.00577e+06
1.04144e+06
1.15216e+06
994712
1.03417e+06
1.09779e+06
1.11023e+06
1.05701e+06
1.05464e+06
1.19557e+06
1.29815e+06
1.4151e+06
1.11954e+06
1.3322e+06
1.15322e+06
1.22105e+06
1.27592e+06
1.16871e+06
1.35703e+06
1.55805e+06
1.10583e+06
1.17914e+06
1.535e+06
1.63385e+06
1.86195e+06
1.59974e+06
1.44661e+06
1.80746e+06
1.68128e+06
1.74496e+06
1.5781e+06
1.38844e+06
1.30674e+06
1.48595e+06
1.52084e+06
1.48251e+06
1.4006e+06
1.3152e+06
1.25407e+06
1.21311e+06
1.20653e+06
1.35253e+06
1.44659e+06
1.5022e+06
1.55801e+06
1.49386e+06
1.64357e+06
1.44654e+06
1.43899e+06
1.51383e+06
1.59944e+06
1.63177e+06
1.59019e+06
1.73481e+06
1.04738e+06
722816
576752
235624
