0	0	6.371e+06
1	0	6.371e+06
1	1	6.371e+06
0	1	6.371e+06
0.261813	0.269418	6.371e+06
0	0.576198	6.371e+06
0.432384	0.109532	6.371e+06
1	0.600463	6.371e+06
0.670594	1	6.371e+06
0.190259	0	6.371e+06
0.145849	0.768389	6.371e+06
0.387618	0.234106	6.371e+06
0.500799	0.442743	6.371e+06
0.12781	0.383211	6.371e+06
0.062969	0.413686	6.371e+06
0.739998	0.0456985	6.371e+06
0.165233	0.148586	6.371e+06
0.051716	0.542781	6.371e+06
0.335033	0.408105	6.371e+06
0.542595	1	6.371e+06
0.495435	0.105657	6.371e+06
0.769226	0.326065	6.371e+06
0.49061	0.261566	6.371e+06
1	0.687563	6.371e+06
0.795184	1	6.371e+06
0.11297	0.445302	6.371e+06
0.136315	0.312434	6.371e+06
0.14541	0.540798	6.371e+06
0.24285	0.897649	6.371e+06
0.0557105	0.479692	6.371e+06
0.32097	0.061699	6.371e+06
0.405839	0.171041	6.371e+06
0.325825	0.250324	6.371e+06
0.418169	1	6.371e+06
0.287729	0.846772	6.371e+06
0.407784	0.328612	6.371e+06
0.405119	0.586043	6.371e+06
1	0.529823	6.371e+06
0.884535	0.399118	6.371e+06
0.597204	0.401241	6.371e+06
0.883549	0.909645	6.371e+06
0.0753349	0.266012	6.371e+06
0.049368	0.604991	6.371e+06
0.338665	1	6.371e+06
0	0.416248	6.371e+06
0.198135	0.288611	6.371e+06
0.0806264	0.174117	6.371e+06
0.281567	0.202159	6.371e+06
0.157571	0.475298	6.371e+06
0.246523	0.334466	6.371e+06
0.223831	0.45955	6.371e+06
0.401982	1	6.371e+06
0.260597	1	6.371e+06
0	0.938224	6.371e+06
0.934717	0	6.371e+06
0.430782	0	6.371e+06
0.546057	0.0564457	6.371e+06
0.22954	0.072305	6.371e+06
0.212207	0.218681	6.371e+06
1	0.496423	6.371e+06
0.649253	0.254922	6.371e+06
0.538375	0.291841	6.371e+06
0.30725	0.312339	6.371e+06
0.356415	1	6.371e+06
0.277782	0.808697	6.371e+06
0.433767	1	6.371e+06
0.191956	0.509438	6.371e+06
0.589376	1	6.371e+06
0.39151	0.387011	6.371e+06
0.431611	0.2781	6.371e+06
0.828274	0.909342	6.371e+06
0.756089	1	6.371e+06
1	0.443717	6.371e+06
1	0.545401	6.371e+06
0.55435	0.231609	6.371e+06
1	0.57368	6.371e+06
0.719807	0.318603	6.371e+06
1	0.657842	6.371e+06
0.797676	0.705756	6.371e+06
1	0.926515	6.371e+06
0.829509	0.988501	6.371e+06
0.568703	0.518011	6.371e+06
0.535886	0.348045	6.371e+06
0.861998	0.933977	6.371e+06
0.774154	0.906292	6.371e+06
0.726385	0.589797	6.371e+06
0.874632	0.987712	6.371e+06
0.586874	0.820222	6.371e+06
0.699085	0.52416	6.371e+06
1	0.911787	6.371e+06
0	0.302531	6.371e+06
0.0707638	0.344268	6.371e+06
0	0.373371	6.371e+06
0.108976	0	6.371e+06
0	0.117452	6.371e+06
0.234011	0.3974	6.371e+06
0.349576	0.350358	6.371e+06
0.349916	0.586246	6.371e+06
0.198559	0.627236	6.371e+06
0.482279	0.546906	6.371e+06
0.783549	0.3656	6.371e+06
0.658572	0.473299	6.371e+06
0.632522	0.498359	6.371e+06
0.55627	0.548589	6.371e+06
0.844363	0.86843	6.371e+06
0.431998	0.626291	6.371e+06
0.714129	0.906838	6.371e+06
0.646346	0.532392	6.371e+06
0.711844	0.625042	6.371e+06
0.794447	0.601611	6.371e+06
0.822494	0.635596	6.371e+06
0.880656	0.714665	6.371e+06
1	0.830854	6.371e+06
0.950988	0.921999	6.371e+06
0.904887	1	6.371e+06
0	0.520547	6.371e+06
0.115928	0.0828714	6.371e+06
0.2863	0	6.371e+06
0.365916	0.116689	6.371e+06
0.344155	0.182454	6.371e+06
0.700702	0	6.371e+06
0.145728	0.600826	6.371e+06
0.200902	1	6.371e+06
0.04941	0.735008	6.371e+06
0.278918	0.545421	6.371e+06
0.234584	0.526415	6.371e+06
0.251207	0.7091	6.371e+06
0.580519	0.897134	6.371e+06
0.298638	0.125073	6.371e+06
0.464931	0.16208	6.371e+06
0.446797	0.220104	6.371e+06
1	0.314828	6.371e+06
1	0.254256	6.371e+06
0.771809	0	6.371e+06
0.397188	0.0583468	6.371e+06
0.474151	0.0547732	6.371e+06
0.924525	0.159698	6.371e+06
0.867274	0.305124	6.371e+06
0.632606	0.15832	6.371e+06
1	0.38178	6.371e+06
0.799984	0.202745	6.371e+06
1	0.359616	6.371e+06
0.878863	0.573514	6.371e+06
0.719518	0.44075	6.371e+06
0.565517	0.444967	6.371e+06
0.45389	0.583684	6.371e+06
0.846911	0.943988	6.371e+06
0.915207	0.947432	6.371e+06
0.94644	0.971423	6.371e+06
0.952361	0.957999	6.371e+06
0.1778	0.420042	6.371e+06
0.187649	0.356698	6.371e+06
0.0557408	0.948893	6.371e+06
0	0.628631	6.371e+06
0.173296	1	6.371e+06
0.303323	1	6.371e+06
0.240822	0.589268	6.371e+06
0.613602	0.755404	6.371e+06
0.355167	0.892872	6.371e+06
0.43191	0.748581	6.371e+06
0.302765	0.685595	6.371e+06
0.479006	0.706729	6.371e+06
0.536791	0.481218	6.371e+06
0.523288	0.522627	6.371e+06
0.505993	0.207527	6.371e+06
0.770907	0.482385	6.371e+06
0.797086	0.474226	6.371e+06
0.971396	0.544161	6.371e+06
0.687898	0.454485	6.371e+06
0.589883	0.4874	6.371e+06
0.668882	0.510379	6.371e+06
0.656774	0.562044	6.371e+06
0.678409	0.628058	6.371e+06
0.684145	0.567698	6.371e+06
0.729889	0.679094	6.371e+06
0.779683	0.725968	6.371e+06
0.856163	0.871181	6.371e+06
0.679205	0.770218	6.371e+06
0.77201	0.82799	6.371e+06
0.792587	0.949418	6.371e+06
0.880145	1	6.371e+06
0.764425	0.800213	6.371e+06
0.676984	0.54133	6.371e+06
0.706674	0.577934	6.371e+06
0.91225	0.587215	6.371e+06
0.880422	0.616402	6.371e+06
0.744281	0.624865	6.371e+06
0.780112	0.665556	6.371e+06
0.760605	0.616596	6.371e+06
0.768994	0.554374	6.371e+06
0.905545	0.66109	6.371e+06
1	0.787025	6.371e+06
0.873603	0.791824	6.371e+06
0.720829	0.508151	6.371e+06
0.910936	0.739453	6.371e+06
0.851657	0.858791	6.371e+06
0.898702	0.98688	6.371e+06
0.914346	0.901086	6.371e+06
1	0.955969	6.371e+06
0.930089	1	6.371e+06
0.889279	0.844784	6.371e+06
0	0.223245	6.371e+06
0.5281	0	6.371e+06
0.477628	0.31963	6.371e+06
0.367606	0.29205	6.371e+06
0.490428	0.383488	6.371e+06
0.383044	0.439845	6.371e+06
0.541644	0.403115	6.371e+06
0.480421	0.492987	6.371e+06
0.103194	0.508405	6.371e+06
0.0976429	0.571698	6.371e+06
0.369325	0.960189	6.371e+06
0.364891	0.938412	6.371e+06
0.332059	0.879361	6.371e+06
0.382124	0.631607	6.371e+06
0.258434	0.646662	6.371e+06
0.429243	0.477347	6.371e+06
0.610571	0.706887	6.371e+06
0.464264	0.657918	6.371e+06
0.725064	0.79104	6.371e+06
0.492275	0.852569	6.371e+06
0.389495	0.790147	6.371e+06
0.480274	1	6.371e+06
0.347633	0.820873	6.371e+06
0.450172	0.890016	6.371e+06
0.654708	0.934684	6.371e+06
0.633519	0.861702	6.371e+06
0.325545	0.637037	6.371e+06
0.634259	1	6.371e+06
0.72818	0.924967	6.371e+06
0.685222	1	6.371e+06
0.746194	0.925023	6.371e+06
0.703275	0.846642	6.371e+06
0.594041	0.339837	6.371e+06
0.59906	0.109964	6.371e+06
0.757977	0.279071	6.371e+06
0.749365	0.156914	6.371e+06
0.687934	0.412064	6.371e+06
0.645473	0.376435	6.371e+06
0.718689	0.476011	6.371e+06
0.746569	0.463256	6.371e+06
1	0.157149	6.371e+06
1	0.191749	6.371e+06
0.815535	0.148131	6.371e+06
0.899036	0.195247	6.371e+06
1	0.297107	6.371e+06
1	0.462378	6.371e+06
0.7748	0.454942	6.371e+06
0.793083	0.498554	6.371e+06
0.744974	0.492656	6.371e+06
0.971461	0.573477	6.371e+06
0.813114	0.512066	6.371e+06
0.629097	0.558554	6.371e+06
0.621055	0.628728	6.371e+06
0.714498	0.668094	6.371e+06
0.79576	0.855477	6.371e+06
0.793901	0.841018	6.371e+06
0.816659	0.90373	6.371e+06
0.79606	0.878477	6.371e+06
0.820144	0.956942	6.371e+06
0.763006	0.860281	6.371e+06
0.812955	0.923319	6.371e+06
0.766552	1	6.371e+06
0.87355	0.964116	6.371e+06
0.892447	0.974434	6.371e+06
0.856547	0.976033	6.371e+06
0.839672	0.932742	6.371e+06
0.831092	0.955022	6.371e+06
0.849447	0.965274	6.371e+06
0.86854	1	6.371e+06
0.949126	0.895723	6.371e+06
0.917577	0.972349	6.371e+06
0.92867	0.94718	6.371e+06
0.917022	1	6.371e+06
1	0.884094	6.371e+06
0.962313	0.969617	6.371e+06
0.145009	0.233195	6.371e+06
0	0.463216	6.371e+06
0.275519	0.487984	6.371e+06
0.3655	0	6.371e+06
0.44248	0.366028	6.371e+06
0.443946	0.424946	6.371e+06
0.495078	0.590419	6.371e+06
0.523766	0.566384	6.371e+06
0.567869	0.609754	6.371e+06
0.530744	0.654323	6.371e+06
0.0979974	0.686978	6.371e+06
0.575772	0.716678	6.371e+06
0.716947	0.760321	6.371e+06
0.661987	0.675349	6.371e+06
0.60106	0.981022	6.371e+06
0.445684	0.950582	6.371e+06
0.44749	0.937015	6.371e+06
0.475706	0.942865	6.371e+06
0.671928	0.972216	6.371e+06
0.520641	0.157614	6.371e+06
0.655884	0.316702	6.371e+06
0.778569	0.0962288	6.371e+06
0.743919	0.363565	6.371e+06
0.694843	0.364992	6.371e+06
0.749036	0.541176	6.371e+06
0.769523	0.531545	6.371e+06
0.765483	0.574778	6.371e+06
0.83798	0.320104	6.371e+06
0.798499	0.25426	6.371e+06
0.980046	0.345981	6.371e+06
0.911734	0.266543	6.371e+06
0.923435	0.382331	6.371e+06
0.937913	0.345945	6.371e+06
0.946773	0.415554	6.371e+06
0.893087	0.443073	6.371e+06
0.951915	0.505083	6.371e+06
0.790776	0.522007	6.371e+06
0.879162	0.588549	6.371e+06
0.861941	0.567471	6.371e+06
0.863364	0.601607	6.371e+06
0.77966	0.588446	6.371e+06
0.861455	0.530914	6.371e+06
0.926644	0.51714	6.371e+06
1	0.559861	6.371e+06
0.895075	0.564638	6.371e+06
0.971498	0.587525	6.371e+06
1	0.587151	6.371e+06
0.923006	0.608217	6.371e+06
0.971362	0.559067	6.371e+06
0.976048	0.629083	6.371e+06
0.953455	0.660844	6.371e+06
0.8649	0.636933	6.371e+06
0.66662	0.60815	6.371e+06
0.709469	0.601606	6.371e+06
0.640352	0.640745	6.371e+06
0.697392	0.697874	6.371e+06
0.729476	0.752521	6.371e+06
0.759556	0.785476	6.371e+06
0.727419	0.613314	6.371e+06
0.792986	0.764055	6.371e+06
0.731122	0.65897	6.371e+06
0.728912	0.636389	6.371e+06
0.74389	0.603897	6.371e+06
0.761309	0.636111	6.371e+06
0.714531	0.648337	6.371e+06
0.804212	0.847086	6.371e+06
0.876708	0.91836	6.371e+06
0.767752	0.762998	6.371e+06
0.869585	0.926935	6.371e+06
0.866017	0.894956	6.371e+06
0.745413	0.644657	6.371e+06
0.827134	0.668959	6.371e+06
0.824489	0.651944	6.371e+06
0.792276	0.619981	6.371e+06
0.852067	0.646903	6.371e+06
0.865256	0.710836	6.371e+06
0.88125	0.676635	6.371e+06
0.857396	0.774448	6.371e+06
0.814562	0.826489	6.371e+06
0.810414	0.79775	6.371e+06
0.833021	0.72691	6.371e+06
0.83198	0.806721	6.371e+06
0.848267	0.82241	6.371e+06
0.870826	0.851908	6.371e+06
0.880301	0.87591	6.371e+06
0.880218	0.768017	6.371e+06
0.915857	0.685571	6.371e+06
0.951209	0.772486	6.371e+06
0.951051	0.822407	6.371e+06
0.915966	0.866681	6.371e+06
1	0.745278	6.371e+06
0.953374	0.717472	6.371e+06
0.921082	0.80904	6.371e+06
0.921484	0.888833	6.371e+06
0.913802	0.878224	6.371e+06
1	0.857196	6.371e+06
0.973546	0.925743	6.371e+06
0.960938	0.931201	6.371e+06
0.942504	0.946707	6.371e+06
0.904767	0.973276	6.371e+06
0.90087	0.924158	6.371e+06
0.911219	0.986092	6.371e+06
0.910182	0.95981	6.371e+06
0.923467	0.959439	6.371e+06
1	0.984611	6.371e+06
0.291446	0.372495	6.371e+06
0.327203	0.465185	6.371e+06
0.376006	0.493639	6.371e+06
0.6168	0.453591	6.371e+06
0.619818	0.60443	6.371e+06
0.642834	0.614735	6.371e+06
0.678972	0.648532	6.371e+06
0.137182	1	6.371e+06
0.096255	0.630978	6.371e+06
0.156261	0.712819	6.371e+06
0.228814	0.795907	6.371e+06
0.126856	0.823057	6.371e+06
0.203987	0.747294	6.371e+06
0.257903	0.763687	6.371e+06
0.382114	0.712359	6.371e+06
0.330577	0.797517	6.371e+06
0.494644	0.785606	6.371e+06
0.421206	0.703376	6.371e+06
0.455567	0.84433	6.371e+06
0.314745	0.897581	6.371e+06
0.0383835	0.892597	6.371e+06
0	0.770369	6.371e+06
0.263395	0.950194	6.371e+06
0.208387	0.941795	6.371e+06
0.335861	0.964276	6.371e+06
0.393386	0.983911	6.371e+06
0.360397	0.916082	6.371e+06
0.338039	0.905695	6.371e+06
0.338605	0.848737	6.371e+06
0.399097	0.951684	6.371e+06
0.339089	0.762375	6.371e+06
0.36543	0.843475	6.371e+06
0.377678	0.903927	6.371e+06
0.483903	0.979508	6.371e+06
0.396249	0.91236	6.371e+06
0.517176	1	6.371e+06
0.448333	1	6.371e+06
0.423108	0.86151	6.371e+06
0.475788	0.623241	6.371e+06
0.432839	0.533735	6.371e+06
0.454452	0.691135	6.371e+06
0.604247	0.687777	6.371e+06
0.64633	0.702381	6.371e+06
0.5494	0.677293	6.371e+06
0.546105	0.80726	6.371e+06
0.536339	0.755807	6.371e+06
0.553934	0.870212	6.371e+06
0.564956	0.733413	6.371e+06
0.592562	0.781488	6.371e+06
0.659569	0.751545	6.371e+06
0.684522	0.784574	6.371e+06
0.613422	0.81846	6.371e+06
0.659506	0.823131	6.371e+06
0.601094	0.642229	6.371e+06
0.680956	0.70653	6.371e+06
0.680983	0.68781	6.371e+06
0.74175	0.746067	6.371e+06
0.726371	0.717657	6.371e+06
0.703472	0.8228	6.371e+06
0.742598	0.830101	6.371e+06
0.73919	0.792145	6.371e+06
0.668165	0.803378	6.371e+06
0.780358	0.820007	6.371e+06
0.745699	0.779137	6.371e+06
0.784473	0.84732	6.371e+06
0.801948	0.868532	6.371e+06
0.805021	0.900939	6.371e+06
0.730999	0.858972	6.371e+06
0.511127	0.896632	6.371e+06
0.546664	0.929833	6.371e+06
0.584056	0.947609	6.371e+06
0.508486	0.975302	6.371e+06
0.637777	0.893925	6.371e+06
0.675763	0.86775	6.371e+06
0.674887	0.906914	6.371e+06
0.62368	0.913873	6.371e+06
0.610453	0.871348	6.371e+06
0.711847	0.88738	6.371e+06
0.558344	0.971595	6.371e+06
0.653251	0.97325	6.371e+06
0.626234	0.943472	6.371e+06
0.693719	0.93656	6.371e+06
0.741116	0.897987	6.371e+06
0.764834	0.947823	6.371e+06
0.808601	0.911891	6.371e+06
0.758493	0.891487	6.371e+06
0.788495	0.938298	6.371e+06
0.711392	0.973073	6.371e+06
0.72565	1	6.371e+06
0.747962	0.968427	6.371e+06
0.780727	0.988939	6.371e+06
0.810432	0.989211	6.371e+06
0.76649	0.970004	6.371e+06
0.814872	1	6.371e+06
0.824439	0.944698	6.371e+06
0.704246	0.263635	6.371e+06
0.822631	0.465186	6.371e+06
0.825326	0.548509	6.371e+06
0.844518	0.558903	6.371e+06
0.828091	0.567331	6.371e+06
0.830045	0.586284	6.371e+06
0.927263	0.29328	6.371e+06
1	0.423591	6.371e+06
0.930883	0.455539	6.371e+06
0.983529	0.470444	6.371e+06
1	0.10616	6.371e+06
0.861282	0.549608	6.371e+06
0.878822	0.501972	6.371e+06
0.911187	0.55691	6.371e+06
0.895768	0.579845	6.371e+06
0.985759	0.566551	6.371e+06
0.985732	0.552186	6.371e+06
0.985827	0.52091	6.371e+06
0.985792	0.580422	6.371e+06
0.933895	0.62963	6.371e+06
0.985839	0.593969	6.371e+06
1	0.614149	6.371e+06
0.799905	0.805398	6.371e+06
0.767908	0.715831	6.371e+06
0.81918	0.883891	6.371e+06
0.808169	0.859403	6.371e+06
0.841919	0.890044	6.371e+06
0.846745	0.901652	6.371e+06
0.861619	0.964622	6.371e+06
0.833679	0.921204	6.371e+06
0.837679	0.965608	6.371e+06
0.842436	0.954766	6.371e+06
0.862982	0.987896	6.371e+06
0.85427	0.954515	6.371e+06
0.84708	1	6.371e+06
0.845057	0.922353	6.371e+06
0.880815	0.930672	6.371e+06
0.898002	0.961305	6.371e+06
0.891105	0.950432	6.371e+06
0.868346	0.97597	6.371e+06
0.903154	0.815175	6.371e+06
0.945664	0.847648	6.371e+06
0.976081	0.857902	6.371e+06
0.973334	0.897678	6.371e+06
0.895449	0.912026	6.371e+06
0.889995	0.899989	6.371e+06
0.926185	0.923533	6.371e+06
0.92439	0.985639	6.371e+06
0.931524	0.971901	6.371e+06
0.986656	0.904712	6.371e+06
0.986676	0.919163	6.371e+06
0.985933	0.934382	6.371e+06
0.98554	0.983338	6.371e+06
0.944435	1	6.371e+06
0.649797	0.42813	6.371e+06
0.609341	0.528255	6.371e+06
0.688093	0.592471	6.371e+06
0.6127	0.212616	6.371e+06
0.641553	0.58776	6.371e+06
0.665669	0.585287	6.371e+06
0.679859	0.668654	6.371e+06
0.692433	0.614275	6.371e+06
0.697263	0.678818	6.371e+06
0.713785	0.702616	6.371e+06
0.414448	0.941129	6.371e+06
0.416038	0.973549	6.371e+06
0.465134	1	6.371e+06
0.640311	0.773835	6.371e+06
0.572677	0.170834	6.371e+06
0.610152	0.0530576	6.371e+06
0.681906	0.201823	6.371e+06
0.639053	0	6.371e+06
0.692784	0.491669	6.371e+06
0.653392	0.0996776	6.371e+06
0.744656	0.219722	6.371e+06
0.848038	0.0955528	6.371e+06
0.891489	0.0513131	6.371e+06
0.875324	0.149753	6.371e+06
0.838934	0.281712	6.371e+06
0.877527	0.272362	6.371e+06
0.842831	0.24156	6.371e+06
0.673993	0.0486031	6.371e+06
0.763884	0.397558	6.371e+06
0.802918	0.300369	6.371e+06
0.809821	0.42272	6.371e+06
0.864654	0.470517	6.371e+06
0.817792	0.48949	6.371e+06
0.844793	0.521081	6.371e+06
0.845802	0.382097	6.371e+06
0.703954	0.551865	6.371e+06
0.744912	0.582214	6.371e+06
0.746811	0.561299	6.371e+06
0.761535	0.595919	6.371e+06
0.696802	0.638161	6.371e+06
0.776748	0.628403	6.371e+06
0.787452	0.567729	6.371e+06
0.862644	0.584739	6.371e+06
0.812461	0.576051	6.371e+06
0.777147	0.608642	6.371e+06
0.778529	0.647189	6.371e+06
0.763282	0.671347	6.371e+06
0.792588	0.638474	6.371e+06
0.831005	0.604857	6.371e+06
0.821732	0.619098	6.371e+06
0.851375	0.629192	6.371e+06
0.794305	0.656533	6.371e+06
0.800368	0.672368	6.371e+06
0.842067	0.674397	6.371e+06
0.813462	0.0425706	6.371e+06
0.963393	0.170549	6.371e+06
0.882681	0.235855	6.371e+06
0.939605	0.204971	6.371e+06
0.853248	0.196364	6.371e+06
0.916337	0.231551	6.371e+06
0.976276	0.29456	6.371e+06
0.978478	0.321248	6.371e+06
0.972949	0.265879	6.371e+06
1	0.228458	6.371e+06
0.95938	0.126259	6.371e+06
0.901293	0.300246	6.371e+06
0.851787	0.42914	6.371e+06
0.870982	0.372636	6.371e+06
0.918673	0.490139	6.371e+06
0.922462	0.420803	6.371e+06
0.95357	0.433888	6.371e+06
0.946912	0.391995	6.371e+06
0.912281	0.333191	6.371e+06
0.967214	0.478546	6.371e+06
0.936905	0.486298	6.371e+06
0.982174	0.391607	6.371e+06
0.968614	0.443598	6.371e+06
0.98393	0.487521	6.371e+06
0.983624	0.412476	6.371e+06
1	0.513371	6.371e+06
0.942345	0.522434	6.371e+06
0.951076	0.0690547	6.371e+06
0.956835	0.565969	6.371e+06
0.94204	0.540824	6.371e+06
0.94222	0.573151	6.371e+06
0.864896	0.618702	6.371e+06
0.895193	0.594091	6.371e+06
0.867567	0.670129	6.371e+06
0.878822	0.645795	6.371e+06
0.920912	0.623102	6.371e+06
0.908198	0.615562	6.371e+06
0.891304	0.703793	6.371e+06
0.928366	0.676999	6.371e+06
0.918049	0.653335	6.371e+06
0.942995	0.603733	6.371e+06
0.985993	0.537103	6.371e+06
0.963099	0.622597	6.371e+06
0.942883	0.638528	6.371e+06
0.971939	0.601276	6.371e+06
0.986635	0.607394	6.371e+06
0.977005	0.67354	6.371e+06
0.97716	0.644095	6.371e+06
1	0.628407	6.371e+06
0.952741	0.689495	6.371e+06
0.928861	0.706524	6.371e+06
0.908042	0.72488	6.371e+06
0.976829	0.702573	6.371e+06
0.740534	0.728518	6.371e+06
0.73076	0.767194	6.371e+06
0.754717	0.754761	6.371e+06
0.766656	0.731962	6.371e+06
0.7432	0.693593	6.371e+06
0.777305	0.806025	6.371e+06
0.770191	0.777738	6.371e+06
0.784196	0.784636	6.371e+06
0.75876	0.688237	6.371e+06
0.791609	0.826676	6.371e+06
0.830541	0.887096	6.371e+06
0.832637	0.865605	6.371e+06
0.79186	0.71956	6.371e+06
0.791101	0.749629	6.371e+06
0.820933	0.804011	6.371e+06
0.80195	0.819696	6.371e+06
0.770728	0.699322	6.371e+06
0.807311	0.771421	6.371e+06
0.820996	0.777146	6.371e+06
0.802691	0.744482	6.371e+06
0.81922	0.722707	6.371e+06
0.815609	0.7487	6.371e+06
0.827583	0.830065	6.371e+06
0.846717	0.845944	6.371e+06
0.82814	0.853432	6.371e+06
0.834963	0.843268	6.371e+06
0.825658	0.874794	6.371e+06
0.824061	0.896261	6.371e+06
0.839878	0.856021	6.371e+06
0.853866	0.892506	6.371e+06
0.868225	0.873733	6.371e+06
0.851778	0.912787	6.371e+06
0.859027	0.90403	6.371e+06
0.864369	0.915382	6.371e+06
0.856947	0.923554	6.371e+06
0.850768	0.933435	6.371e+06
0.871339	0.906639	6.371e+06
0.858894	0.94407	6.371e+06
0.866733	0.953002	6.371e+06
0.871696	0.940703	6.371e+06
0.880285	0.975354	6.371e+06
0.885755	0.962896	6.371e+06
0.845976	0.690259	6.371e+06
0.850922	0.745995	6.371e+06
0.820263	0.695466	6.371e+06
0.851236	0.798337	6.371e+06
0.841454	0.715973	6.371e+06
0.860452	0.695872	6.371e+06
0.874054	0.739454	6.371e+06
0.834106	0.781494	6.371e+06
0.88624	0.795924	6.371e+06
0.867371	0.764072	6.371e+06
0.907917	0.791217	6.371e+06
0.924908	0.842077	6.371e+06
0.880981	0.818521	6.371e+06
0.901805	0.84449	6.371e+06
0.928825	0.86465	6.371e+06
0.858671	0.848845	6.371e+06
0.865259	0.838615	6.371e+06
0.872468	0.828347	6.371e+06
0.87809	0.897526	6.371e+06
0.892013	0.877765	6.371e+06
0.889036	0.866331	6.371e+06
0.902131	0.901318	6.371e+06
0.916021	0.768156	6.371e+06
0.887367	0.743841	6.371e+06
0.942556	0.726564	6.371e+06
0.948962	0.743298	6.371e+06
0.926627	0.75947	6.371e+06
0.930728	0.788735	6.371e+06
0.954091	0.802907	6.371e+06
0.93936	0.825314	6.371e+06
0.9763	0.73146	6.371e+06
0.974612	0.758424	6.371e+06
0.977907	0.800462	6.371e+06
0.974561	0.785715	6.371e+06
0.987652	0.824038	6.371e+06
1	0.805575	6.371e+06
1	0.772423	6.371e+06
1	0.717152	6.371e+06
0.959058	0.842597	6.371e+06
0.93828	0.874554	6.371e+06
0.950815	0.870355	6.371e+06
0.938959	0.922418	6.371e+06
0.926492	0.899869	6.371e+06
0.960284	0.903797	6.371e+06
1	0.870783	6.371e+06
0.975025	0.871412	6.371e+06
1	0.844125	6.371e+06
0.888862	0.922399	6.371e+06
0.902396	0.947601	6.371e+06
0.907271	0.935727	6.371e+06
0.920401	0.935518	6.371e+06
0.90768	0.912738	6.371e+06
0.937573	0.959203	6.371e+06
1	0.941235	6.371e+06
1	0.969653	6.371e+06
0.980949	0.966701	6.371e+06
0.478481	0	6.371e+06
0.279223	0.431159	6.371e+06
0.562102	0.580357	6.371e+06
0.591455	0.591852	6.371e+06
0.535205	0.601287	6.371e+06
0.547307	0.630801	6.371e+06
0.49844	0.653583	6.371e+06
0.57578	0.63447	6.371e+06
0.518299	0.676748	6.371e+06
0.59663	0.618411	6.371e+06
0.295335	0.594441	6.371e+06
0.582333	0	6.371e+06
0.725289	0.53792	6.371e+06
0.725732	0.564774	6.371e+06
0.615141	0.579233	6.371e+06
0.659345	0.632232	6.371e+06
0.621587	0.653183	6.371e+06
0.626174	0.694862	6.371e+06
0.643799	0.68401	6.371e+06
0.623567	0.675687	6.371e+06
0.66361	0.693727	6.371e+06
0.582972	0.65764	6.371e+06
0.697249	0.659195	6.371e+06
0.728543	0.69869	6.371e+06
0	0.670201	6.371e+06
0.0491733	0.669059	6.371e+06
0.148183	0.657276	6.371e+06
0.204396	0.683215	6.371e+06
0.30048	0.736901	6.371e+06
0.301475	0.78029	6.371e+06
0	0.712784	6.371e+06
0.0368481	0.808547	6.371e+06
0.103457	0.736514	6.371e+06
0.0844702	0.787067	6.371e+06
0.168383	0.895076	6.371e+06
0.208993	0.837609	6.371e+06
0.314441	0.825176	6.371e+06
0.3152	0.858636	6.371e+06
0.251065	0.836379	6.371e+06
0.393132	0.673291	6.371e+06
0.354066	0.676932	6.371e+06
0.408069	0.767426	6.371e+06
0.407799	0.734552	6.371e+06
0.427376	0.664521	6.371e+06
0.536028	0.697016	6.371e+06
0.588395	0.700628	6.371e+06
0.487976	0.680829	6.371e+06
0.526712	0.717587	6.371e+06
0.499813	0.743732	6.371e+06
0.549452	0.770604	6.371e+06
0.576785	0.749929	6.371e+06
0.57792	0.793791	6.371e+06
0.447719	0.724615	6.371e+06
0.597401	0.719961	6.371e+06
0.478935	0.753944	6.371e+06
0.513915	0.776621	6.371e+06
0.376287	0.754333	6.371e+06
0.361434	0.789925	6.371e+06
0.412072	0.841802	6.371e+06
0.424635	0.820505	6.371e+06
0.355421	0.869013	6.371e+06
0.395747	0.888217	6.371e+06
0.416183	0.795716	6.371e+06
0.344617	0.721968	6.371e+06
0.461621	0.808784	6.371e+06
0.481835	0.8161	6.371e+06
0.457226	0.785282	6.371e+06
0.513825	0.793539	6.371e+06
0.518321	0.828613	6.371e+06
0.479844	0.89603	6.371e+06
0.463712	0.862091	6.371e+06
0.503889	0.882779	6.371e+06
0.44388	0.859757	6.371e+06
0.525049	0.860158	6.371e+06
0.548521	0.840912	6.371e+06
0.533544	0.889493	6.371e+06
0.573558	0.825829	6.371e+06
0.57582	0.854694	6.371e+06
0.587951	0.860965	6.371e+06
0.590246	0.887848	6.371e+06
0.567139	0.876468	6.371e+06
0.413446	0.922919	6.371e+06
0.429324	0.914633	6.371e+06
0.0901048	1	6.371e+06
0.200955	0.878228	6.371e+06
0.207666	0.908803	6.371e+06
0.0759916	0.851278	6.371e+06
0.177456	0.931629	6.371e+06
0.136583	0.9216	6.371e+06
0	0.853205	6.371e+06
0.236779	0.951496	6.371e+06
0.276743	0.897984	6.371e+06
0.3297	0.944494	6.371e+06
0.296491	0.915363	6.371e+06
0.290684	0.958956	6.371e+06
0.263927	0.920921	6.371e+06
0.354141	0.967697	6.371e+06
0.239951	1	6.371e+06
0.28259	1	6.371e+06
0.319959	1	6.371e+06
0.372418	1	6.371e+06
0.379801	0.925533	6.371e+06
0.415504	0.958132	6.371e+06
0.430579	0.933736	6.371e+06
0.440583	0.984622	6.371e+06
0.461315	0.9163	6.371e+06
0.556749	0.89694	6.371e+06
0.531505	0.909258	6.371e+06
0.56645	0.917061	6.371e+06
0.487233	0.965036	6.371e+06
0.473359	0.95763	6.371e+06
0.51731	0.927696	6.371e+06
0.490973	0.923333	6.371e+06
0.502932	0.949292	6.371e+06
0.532033	0.950998	6.371e+06
0.565516	0.9404	6.371e+06
0.583376	0.958257	6.371e+06
0.558963	0.95096	6.371e+06
0.430077	0.951268	6.371e+06
0.451071	0.975099	6.371e+06
0.46469	0.974887	6.371e+06
0.502763	0.987775	6.371e+06
0.527318	0.985313	6.371e+06
0.532854	0.973101	6.371e+06
0.548075	0.990574	6.371e+06
0.566624	1	6.371e+06
0.577461	0.980788	6.371e+06
0.592958	0.963621	6.371e+06
0.496182	1	6.371e+06
0.587735	0.929294	6.371e+06
0.586393	0.734735	6.371e+06
0.630497	0.713437	6.371e+06
0.649098	0.720019	6.371e+06
0.632891	0.757992	6.371e+06
0.635929	0.731052	6.371e+06
0.617066	0.725213	6.371e+06
0.671318	0.740494	6.371e+06
0.654448	0.778388	6.371e+06
0.664855	0.711055	6.371e+06
0.682034	0.725893	6.371e+06
0.695102	0.716016	6.371e+06
0.714539	0.729705	6.371e+06
0.71919	0.775421	6.371e+06
0.732323	0.780228	6.371e+06
0.706234	0.776976	6.371e+06
0.701884	0.749121	6.371e+06
0.715308	0.744871	6.371e+06
0.760422	0.822938	6.371e+06
0.743879	0.80584	6.371e+06
0.699322	0.732808	6.371e+06
0.617052	0.780067	6.371e+06
0.620729	0.79502	6.371e+06
0.625272	0.826231	6.371e+06
0.641817	0.80687	6.371e+06
0.595575	0.796909	6.371e+06
0.636695	0.835069	6.371e+06
0.61289	0.832927	6.371e+06
0.663162	0.848567	6.371e+06
0.600226	0.840169	6.371e+06
0.704509	0.798082	6.371e+06
0.725364	0.813823	6.371e+06
0.680453	0.80836	6.371e+06
0.72074	0.824736	6.371e+06
0.718767	0.856815	6.371e+06
0.736288	0.839963	6.371e+06
0.751906	0.855437	6.371e+06
0.753376	0.832924	6.371e+06
0.682356	0.834985	6.371e+06
0.684913	0.859713	6.371e+06
0.729811	0.878381	6.371e+06
0.711625	0.867337	6.371e+06
0.768476	0.814195	6.371e+06
0.820664	0.862745	6.371e+06
0.782746	0.834333	6.371e+06
0.751704	0.795201	6.371e+06
0.775424	0.865755	6.371e+06
0.773354	0.841835	6.371e+06
0.790502	0.866969	6.371e+06
0.773621	0.876452	6.371e+06
0.754999	0.879739	6.371e+06
0.834968	0.899563	6.371e+06
0.812418	0.892475	6.371e+06
0.653971	0.866318	6.371e+06
0.632333	0.874102	6.371e+06
0.653241	0.877995	6.371e+06
0.646246	0.915676	6.371e+06
0.632724	0.934223	6.371e+06
0.61624	0.892404	6.371e+06
0.67304	0.926113	6.371e+06
0.65924	0.89657	6.371e+06
0.676768	0.888507	6.371e+06
0.610721	0.931262	6.371e+06
0.599752	0.910033	6.371e+06
0.694649	0.898897	6.371e+06
0.730116	0.896513	6.371e+06
0.68889	0.888822	6.371e+06
0.743443	0.8767	6.371e+06
0.735672	0.90679	6.371e+06
0.714717	0.935821	6.371e+06
0.700636	0.918306	6.371e+06
0.729868	0.914911	6.371e+06
0.689793	0.918672	6.371e+06
0.75462	0.908618	6.371e+06
0.675317	0.935662	6.371e+06
0.683436	0.954812	6.371e+06
0.663066	0.953469	6.371e+06
0.614535	0.963689	6.371e+06
0.602715	0.948336	6.371e+06
0.642537	0.953309	6.371e+06
0.632616	0.971332	6.371e+06
0.638406	0.980431	6.371e+06
0.62045	0.982435	6.371e+06
0.656787	0.984033	6.371e+06
0.655126	1	6.371e+06
0.611868	1	6.371e+06
0.669772	0.984894	6.371e+06
0.703483	0.954618	6.371e+06
0.691931	0.973102	6.371e+06
0.722697	0.954917	6.371e+06
0.739424	0.950906	6.371e+06
0.728225	0.964941	6.371e+06
0.699693	0.991169	6.371e+06
0.685859	0.98222	6.371e+06
0.725664	0.982758	6.371e+06
0.715214	1	6.371e+06
0.741298	0.990405	6.371e+06
0.736097	1	6.371e+06
0.746625	0.935675	6.371e+06
0.756212	0.952428	6.371e+06
0.78913	0.887797	6.371e+06
0.770507	0.894739	6.371e+06
0.801997	0.920384	6.371e+06
0.784681	0.927501	6.371e+06
0.786041	0.907755	6.371e+06
0.778306	0.936217	6.371e+06
0.763609	0.924187	6.371e+06
0.835679	0.944067	6.371e+06
0.823815	0.923849	6.371e+06
0.829141	0.933705	6.371e+06
0.80921	0.940342	6.371e+06
0.803344	0.949819	6.371e+06
0.782718	0.969859	6.371e+06
0.775114	0.954388	6.371e+06
0.792576	0.968938	6.371e+06
0.755939	0.982839	6.371e+06
0.77132	0.98947	6.371e+06
0.785323	1	6.371e+06
0.808888	0.978704	6.371e+06
0.825888	0.965925	6.371e+06
0.81503	0.968367	6.371e+06
0.820528	0.978513	6.371e+06
0.804967	1	6.371e+06
0.825097	1	6.371e+06
0.768926	0.507964	6.371e+06
0.911082	0.540661	6.371e+06
0.878298	0.557271	6.371e+06
0.845844	0.576882	6.371e+06
0.948764	0.279497	6.371e+06
0.97198	0.528752	6.371e+06
0.956706	0.550827	6.371e+06
0.957017	0.580719	6.371e+06
0.956741	0.535328	6.371e+06
0.835119	1	6.371e+06
0.844767	0.976132	6.371e+06
0.851625	0.987388	6.371e+06
0.85734	1	6.371e+06
0.894291	0.935588	6.371e+06
0.886511	0.987341	6.371e+06
0.892167	1	6.371e+06
0.91349	0.924077	6.371e+06
0.933681	0.934907	6.371e+06
0.969433	0.983551	6.371e+06
0.984291	0.950203	6.371e+06
0.961162	1	6.371e+06
0.591634	0.558188	6.371e+06
0.596225	0.278003	6.371e+06
0.660279	0.654669	6.371e+06
0.713564	0.68638	6.371e+06
0.709461	0.715962	6.371e+06
0.689905	0.146815	6.371e+06
0.726697	0.402078	6.371e+06
0.715406	0.0966338	6.371e+06
0.781704	0.425799	6.371e+06
0.745398	0.518922	6.371e+06
0.751383	0.430988	6.371e+06
0.788728	0.545577	6.371e+06
0.806736	0.558067	6.371e+06
0.797879	0.397433	6.371e+06
0.808716	0.339907	6.371e+06
0.817617	0.375194	6.371e+06
0.831637	0.407139	6.371e+06
0.802328	0.448639	6.371e+06
0.840818	0.35401	6.371e+06
0.865243	0.341015	6.371e+06
0.860374	0.403447	6.371e+06
0.876968	0.424175	6.371e+06
0.859597	0	6.371e+06
0.828891	0.439169	6.371e+06
0.80808	0.535914	6.371e+06
0.836943	0.502925	6.371e+06
0.841309	0.480154	6.371e+06
0.859751	0.491464	6.371e+06
0.82698	0.526977	6.371e+06
0.843573	0.540496	6.371e+06
0.860218	0.510527	6.371e+06
0.846789	0.45611	6.371e+06
0.877964	0.521052	6.371e+06
0.887126	0.463563	6.371e+06
0.869793	0.447809	6.371e+06
0.881888	0.483083	6.371e+06
0.898401	0.494932	6.371e+06
0.895557	0.513025	6.371e+06
0.894505	0.531211	6.371e+06
0.797774	0.584296	6.371e+06
0.763965	0.654211	6.371e+06
0.745938	0.676773	6.371e+06
0.753752	0.738482	6.371e+06
0.754073	0.722006	6.371e+06
0.740948	0.711372	6.371e+06
0.755752	0.705222	6.371e+06
0.748177	0.661498	6.371e+06
0.774457	0.683119	6.371e+06
0.781785	0.709823	6.371e+06
0.786743	0.695066	6.371e+06
0.766972	0.747433	6.371e+06
0.728466	0.736233	6.371e+06
0.814302	0.595373	6.371e+06
0.848797	0.611581	6.371e+06
0.808764	0.611174	6.371e+06
0.807079	0.62903	6.371e+06
0.84682	0.594638	6.371e+06
0.836529	0.623088	6.371e+06
0.808179	0.646186	6.371e+06
0.837866	0.640376	6.371e+06
0.865858	0.653943	6.371e+06
0.853659	0.663844	6.371e+06
0.83942	0.657767	6.371e+06
0.87976	0.661312	6.371e+06
0.815276	0.679822	6.371e+06
0.811805	0.662413	6.371e+06
0.789347	0.680159	6.371e+06
0.793737	0.733672	6.371e+06
0.804916	0.720651	6.371e+06
0.812215	0.707353	6.371e+06
0.809996	0.733817	6.371e+06
0.827141	0.711157	6.371e+06
0.803651	0.690903	6.371e+06
0.831037	0.684995	6.371e+06
0.856355	0.680043	6.371e+06
0.835885	0.700364	6.371e+06
0.870203	0.685893	6.371e+06
0.88372	0.691646	6.371e+06
0.850589	0.705696	6.371e+06
0.846654	0.731272	6.371e+06
0.837541	0.74204	6.371e+06
0.824084	0.737768	6.371e+06
0.860472	0.735321	6.371e+06
0.870273	0.7249	6.371e+06
0.855701	0.720756	6.371e+06
0.844365	0.771039	6.371e+06
0.841441	0.7568	6.371e+06
0.874978	0.701324	6.371e+06
0.878529	0.630481	6.371e+06
0.878137	0.539893	6.371e+06
0.910611	0.108931	6.371e+06
0.932747	0.319597	6.371e+06
0.887595	0.325391	6.371e+06
0.963886	0.380248	6.371e+06
0.961141	0.357482	6.371e+06
0.958098	0.333334	6.371e+06
0.954803	0.307472	6.371e+06
0.941573	0.250103	6.371e+06
0.942276	0.369625	6.371e+06
0.898268	0.377752	6.371e+06
0.891282	0.353067	6.371e+06
0.908307	0.400925	6.371e+06
0.90004	0.421596	6.371e+06
0.930425	0.403176	6.371e+06
0.917272	0.359536	6.371e+06
0.914894	0.440046	6.371e+06
0.913769	0.506251	6.371e+06
0.903601	0.477136	6.371e+06
0.909303	0.458928	6.371e+06
0.924858	0.472433	6.371e+06
0.910845	0.523863	6.371e+06
0.927132	0.533165	6.371e+06
0.934531	0.503207	6.371e+06
0.935462	0.436067	6.371e+06
0.950009	0.452163	6.371e+06
0.964841	0.402825	6.371e+06
0.967767	0.422621	6.371e+06
0.947112	0.470224	6.371e+06
0.953341	0.488091	6.371e+06
0.957949	0.52005	6.371e+06
0.894848	0.548456	6.371e+06
0.926912	0.549431	6.371e+06
1	0.278294	6.371e+06
1	0.04468	6.371e+06
1	0.336999	6.371e+06
0.981559	0.369286	6.371e+06
0.973333	0.205356	6.371e+06
0.967964	0.235303	6.371e+06
1	0.402751	6.371e+06
0.96612	0.46184	6.371e+06
1	0.479667	6.371e+06
0.983949	0.452892	6.371e+06
0.96871	0.496338	6.371e+06
0.970904	0.512039	6.371e+06
0.985286	0.504253	6.371e+06
0.984171	0.433167	6.371e+06
0.911514	0.572384	6.371e+06
0.879029	0.602799	6.371e+06
0.894614	0.608318	6.371e+06
0.926999	0.56523	6.371e+06
0.942008	0.557446	6.371e+06
0.957176	0.595216	6.371e+06
0.942593	0.588451	6.371e+06
0.927414	0.580544	6.371e+06
0.910041	0.600864	6.371e+06
0.928107	0.595568	6.371e+06
0.958463	0.609242	6.371e+06
0.934515	0.615377	6.371e+06
0.904966	0.709687	6.371e+06
0.903322	0.69445	6.371e+06
0.894232	0.684418	6.371e+06
0.892668	0.653384	6.371e+06
0.893235	0.668789	6.371e+06
0.884165	0.729292	6.371e+06
0.897605	0.734094	6.371e+06
0.894507	0.719226	6.371e+06
0.877299	0.753847	6.371e+06
0.890267	0.75818	6.371e+06
0.892556	0.638227	6.371e+06
0.906907	0.630737	6.371e+06
0.905949	0.645616	6.371e+06
0.919718	0.637781	6.371e+06
0.947517	0.619902	6.371e+06
0.930675	0.645691	6.371e+06
0.893837	0.62346	6.371e+06
0.929413	0.661382	6.371e+06
0.917257	0.669212	6.371e+06
0.918059	0.715633	6.371e+06
0.916266	0.700599	6.371e+06
0.921546	0.730827	6.371e+06
0.940567	0.697806	6.371e+06
0.928223	0.691856	6.371e+06
0.94051	0.683417	6.371e+06
0.905465	0.676973	6.371e+06
0.930619	0.721368	6.371e+06
0.941756	0.653807	6.371e+06
0.940894	0.668804	6.371e+06
0.900499	0.748595	6.371e+06
0.913606	0.753779	6.371e+06
0.974165	0.61466	6.371e+06
0.953789	0.631909	6.371e+06
0.987574	0.621361	6.371e+06
0.954037	0.646384	6.371e+06
0.965705	0.65254	6.371e+06
0.952968	0.675229	6.371e+06
0.977251	0.658895	6.371e+06
0.988676	0.65077	6.371e+06
0.988661	0.665633	6.371e+06
0.965325	0.667056	6.371e+06
0.965543	0.637777	6.371e+06
0.96499	0.681473	6.371e+06
0.941184	0.712093	6.371e+06
0.952879	0.70358	6.371e+06
0.953695	0.731247	6.371e+06
0.963838	0.738546	6.371e+06
0.965202	0.72418	6.371e+06
0.964892	0.695781	6.371e+06
0.965067	0.709974	6.371e+06
0.935268	0.736921	6.371e+06
0.924315	0.745098	6.371e+06
0.976834	0.688097	6.371e+06
1	0.642952	6.371e+06
0.988241	0.635895	6.371e+06
0.988546	0.680397	6.371e+06
1	0.67271	6.371e+06
0.988503	0.69511	6.371e+06
0.976841	0.717029	6.371e+06
0.988477	0.709777	6.371e+06
0.988276	0.724294	6.371e+06
1	0.731455	6.371e+06
0.987955	0.738308	6.371e+06
1	0.702436	6.371e+06
0.975423	0.745244	6.371e+06
0.96193	0.751341	6.371e+06
0.937558	0.75112	6.371e+06
0.864185	0.749845	6.371e+06
0.854403	0.760421	6.371e+06
0.987543	0.751779	6.371e+06
0.743187	0.763013	6.371e+06
0.756402	0.770613	6.371e+06
0.787105	0.798562	6.371e+06
0.773511	0.791886	6.371e+06
0.789869	0.812667	6.371e+06
0.781431	0.770644	6.371e+06
0.807532	0.880787	6.371e+06
0.802719	0.832722	6.371e+06
0.779416	0.756133	6.371e+06
0.811611	0.812482	6.371e+06
0.795682	0.777832	6.371e+06
0.804795	0.757965	6.371e+06
0.812602	0.838692	6.371e+06
0.797885	0.791333	6.371e+06
0.816197	0.850876	6.371e+06
0.809981	0.78478	6.371e+06
0.823751	0.791328	6.371e+06
0.831415	0.767324	6.371e+06
0.823624	0.817416	6.371e+06
0.823498	0.840926	6.371e+06
0.84049	0.832697	6.371e+06
0.81834	0.763039	6.371e+06
0.837288	0.877826	6.371e+06
0.848961	0.880663	6.371e+06
0.86094	0.883208	6.371e+06
0.839775	0.911136	6.371e+06
0.843873	0.809115	6.371e+06
0.835946	0.81995	6.371e+06
0.837528	0.795238	6.371e+06
0.847401	0.784892	6.371e+06
0.82851	0.752872	6.371e+06
0.860644	0.788173	6.371e+06
0.870348	0.778033	6.371e+06
0.864479	0.801666	6.371e+06
0.856214	0.811915	6.371e+06
0.868637	0.815069	6.371e+06
0.877381	0.805365	6.371e+06
0.860476	0.82528	6.371e+06
0.883103	0.782045	6.371e+06
0.89562	0.786508	6.371e+06
0.89297	0.772386	6.371e+06
0.890214	0.809577	6.371e+06
0.905489	0.829221	6.371e+06
0.916189	0.832784	6.371e+06
0.912667	0.843997	6.371e+06
0.905618	0.777189	6.371e+06
0.903163	0.762905	6.371e+06
0.910004	0.80509	6.371e+06
0.898501	0.800517	6.371e+06
0.895545	0.834611	6.371e+06
0.893376	0.822387	6.371e+06
0.895943	0.85621	6.371e+06
0.884178	0.831534	6.371e+06
0.908218	0.856365	6.371e+06
0.92067	0.854535	6.371e+06
0.902472	0.867948	6.371e+06
0.877344	0.841791	6.371e+06
0.853011	0.835556	6.371e+06
0.883108	0.854804	6.371e+06
0.863692	0.861627	6.371e+06
0.872998	0.885601	6.371e+06
0.884865	0.887877	6.371e+06
0.876075	0.864323	6.371e+06
0.902862	0.879777	6.371e+06
0.925994	0.877028	6.371e+06
0.909048	0.890293	6.371e+06
0.896642	0.89002	6.371e+06
0.918219	0.782421	6.371e+06
0.920118	0.796124	6.371e+06
0.928706	0.774157	6.371e+06
0.939186	0.765784	6.371e+06
0.940955	0.780762	6.371e+06
0.93238	0.80297	6.371e+06
0.960125	0.815783	6.371e+06
0.967399	0.806214	6.371e+06
0.974127	0.81747	6.371e+06
0.952631	0.787608	6.371e+06
0.942706	0.795887	6.371e+06
0.950139	0.757826	6.371e+06
0.943715	0.811193	6.371e+06
0.930567	0.816381	6.371e+06
0.915693	0.819932	6.371e+06
0.927038	0.828522	6.371e+06
0.936615	0.838285	6.371e+06
0.933222	0.851729	6.371e+06
0.949337	0.834793	6.371e+06
0.962938	0.779139	6.371e+06
0.964415	0.793635	6.371e+06
0.974908	0.772015	6.371e+06
0.987318	0.764835	6.371e+06
0.987705	0.777703	6.371e+06
0.962505	0.765116	6.371e+06
0.986091	0.789331	6.371e+06
1	0.758765	6.371e+06
0.991618	0.798809	6.371e+06
0.975873	0.830385	6.371e+06
0.96323	0.829681	6.371e+06
0.98649	0.811229	6.371e+06
1	0.817676	6.371e+06
0.973715	0.843073	6.371e+06
0.98742	0.837548	6.371e+06
0.9351	0.887647	6.371e+06
0.941254	0.86144	6.371e+06
0.953332	0.85703	6.371e+06
0.948353	0.883314	6.371e+06
0.947388	0.909689	6.371e+06
0.938373	0.899889	6.371e+06
0.933184	0.911439	6.371e+06
0.973991	0.884399	6.371e+06
0.961126	0.890502	6.371e+06
0.961749	0.916686	6.371e+06
0.963505	0.865487	6.371e+06
0.961663	0.878053	6.371e+06
0.965038	0.85288	6.371e+06
0.987042	0.850486	6.371e+06
0.987755	0.864366	6.371e+06
0.987172	0.877809	6.371e+06
0.986574	0.891094	6.371e+06
0.973903	0.911097	6.371e+06
1	0.897546	6.371e+06
0.920252	0.912174	6.371e+06
0.878463	0.952321	6.371e+06
0.971998	0.940735	6.371e+06
0.947117	0.934271	6.371e+06
0.93875	0.985383	6.371e+06
0.236274	0.148844	6.371e+06
0.549963	0.112648	6.371e+06
0.192158	0.568422	6.371e+06
0.326261	0.526907	6.371e+06
0.380576	0.54388	6.371e+06
0.512911	0.625472	6.371e+06
0.559608	0.656375	6.371e+06
0.602568	0.667344	6.371e+06
0.564009	0.697185	6.371e+06
0.508217	0.699432	6.371e+06
0.551722	0.715914	6.371e+06
0.474521	0.731734	6.371e+06
0.501584	0.721812	6.371e+06
0.521423	0.737959	6.371e+06
0.542615	0.73475	6.371e+06
0.578657	0.679685	6.371e+06
0.605677	0.737887	6.371e+06
0.556042	0.750838	6.371e+06
0.62416	0.742641	6.371e+06
0.604356	0.769377	6.371e+06
0.596149	0.751908	6.371e+06
0.517357	0.758462	6.371e+06
0.641768	0.66381	6.371e+06
0.665774	0.726188	6.371e+06
0.642824	0.747048	6.371e+06
0.67528	0.755519	6.371e+06
0.664258	0.766933	6.371e+06
0.653826	0.736459	6.371e+06
0.623771	0.768715	6.371e+06
0.686949	0.743009	6.371e+06
0.689935	0.758711	6.371e+06
0.704175	0.763715	6.371e+06
0.779896	0.740621	6.371e+06
0.182265	0.801942	6.371e+06
0.435295	0.775969	6.371e+06
0.390083	0.841091	6.371e+06
0.40124	0.817746	6.371e+06
0.375281	0.81696	6.371e+06
0.232917	0.868951	6.371e+06
0.26664	0.87206	6.371e+06
0.166973	0.852788	6.371e+06
0.0887535	0.907121	6.371e+06
0.298151	0.879291	6.371e+06
0.381314	0.864051	6.371e+06
0.402369	0.864398	6.371e+06
0.374419	0.883582	6.371e+06
0.415542	0.881701	6.371e+06
0.412789	0.902298	6.371e+06
0.431186	0.895745	6.371e+06
0.47513	0.774589	6.371e+06
0.455813	0.756685	6.371e+06
0.496945	0.765479	6.371e+06
0.531578	0.777178	6.371e+06
0.530887	0.797537	6.371e+06
0.477298	0.796167	6.371e+06
0.497257	0.80447	6.371e+06
0.447558	0.824562	6.371e+06
0.440193	0.802384	6.371e+06
0.474682	0.848057	6.371e+06
0.467792	0.829175	6.371e+06
0.487109	0.834834	6.371e+06
0.500991	0.822716	6.371e+06
0.515876	0.811122	6.371e+06
0.50486	0.840102	6.371e+06
0.434182	0.841712	6.371e+06
0.532125	0.816935	6.371e+06
0.567626	0.765482	6.371e+06
0.562291	0.783293	6.371e+06
0.577659	0.778461	6.371e+06
0.587142	0.765316	6.371e+06
0.610763	0.803891	6.371e+06
0.586195	0.80657	6.371e+06
0.572963	0.810592	6.371e+06
0.56115	0.799742	6.371e+06
0.546188	0.789095	6.371e+06
0.559695	0.81715	6.371e+06
0.560996	0.832828	6.371e+06
0.546649	0.824918	6.371e+06
0.574594	0.840321	6.371e+06
0.562793	0.847866	6.371e+06
0.533727	0.834257	6.371e+06
0.58754	0.847481	6.371e+06
0.587305	0.833814	6.371e+06
0.599692	0.812377	6.371e+06
0.612295	0.846401	6.371e+06
0.600444	0.826367	6.371e+06
0.521288	0.844881	6.371e+06
0.536465	0.849869	6.371e+06
0.606354	0.78799	6.371e+06
0.551066	0.856003	6.371e+06
0.564733	0.862518	6.371e+06
0.453604	0.874664	6.371e+06
0.469391	0.881809	6.371e+06
0.509015	0.856074	6.371e+06
0.513866	0.871167	6.371e+06
0.497627	0.868355	6.371e+06
0.529313	0.875018	6.371e+06
0.519418	0.885344	6.371e+06
0.487356	0.881393	6.371e+06
0.4804	0.866368	6.371e+06
0.495567	0.894855	6.371e+06
0.446968	0.90629	6.371e+06
0.435182	0.877521	6.371e+06
0.503628	0.907743	6.371e+06
0.464005	0.899467	6.371e+06
0.524937	0.899159	6.371e+06
0.54214	0.902681	6.371e+06
0.476072	0.91229	6.371e+06
0.505319	0.920795	6.371e+06
0.490216	0.909039	6.371e+06
0.539848	0.864579	6.371e+06
0.543034	0.878301	6.371e+06
0.546191	0.890808	6.371e+06
0.556922	0.883582	6.371e+06
0.577207	0.868755	6.371e+06
0.599716	0.853395	6.371e+06
0.61135	0.859039	6.371e+06
0.599401	0.866353	6.371e+06
0.622148	0.865525	6.371e+06
0.623701	0.853137	6.371e+06
0.588732	0.874577	6.371e+06
0.578712	0.883064	6.371e+06
0.600213	0.879165	6.371e+06
0.554538	0.908869	6.371e+06
0.568753	0.89081	6.371e+06
0.567024	0.903554	6.371e+06
0.576352	0.909322	6.371e+06
0.602846	0.89081	6.371e+06
0.607204	0.901208	6.371e+06
0.593926	0.899292	6.371e+06
0.612136	0.882941	6.371e+06
0.604947	0.920933	6.371e+06
0.611714	0.912219	6.371e+06
0.616878	0.922633	6.371e+06
0.587388	0.908881	6.371e+06
0.517151	0.911753	6.371e+06
0.527396	0.920344	6.371e+06
0.621141	0.876819	6.371e+06
0.627999	0.885447	6.371e+06
0.592725	0.919284	6.371e+06
0.580028	0.920471	6.371e+06
0.125511	0.875169	6.371e+06
0.236536	0.925786	6.371e+06
0.151453	0.963557	6.371e+06
0.108174	0.957046	6.371e+06
0.270423	0.975695	6.371e+06
0.247149	0.97508	6.371e+06
0.185579	0.967428	6.371e+06
0.217744	0.971979	6.371e+06
0.283391	0.936238	6.371e+06
0.321856	0.922433	6.371e+06
0.350416	0.949839	6.371e+06
0.344768	0.929437	6.371e+06
0.3822	0.945966	6.371e+06
0.3067	0.940312	6.371e+06
0.397333	0.933222	6.371e+06
0.385881	0.964707	6.371e+06
0.429984	0.969812	6.371e+06
0.0470057	1	6.371e+06
0.21995	1	6.371e+06
0.309879	0.979306	6.371e+06
0.290749	0.980826	6.371e+06
0.315201	0.960791	6.371e+06
0.3282	0.981665	6.371e+06
0.345925	0.983402	6.371e+06
0.401291	0.969217	6.371e+06
0.378365	0.980558	6.371e+06
0.409078	0.986257	6.371e+06
0.363524	0.982679	6.371e+06
0.425675	0.986013	6.371e+06
0.386512	1	6.371e+06
0.445319	0.922492	6.371e+06
0.489675	0.93833	6.371e+06
0.476828	0.92763	6.371e+06
0.502284	0.934123	6.371e+06
0.462304	0.931753	6.371e+06
0.461258	0.947115	6.371e+06
0.458619	0.96157	6.371e+06
0.512502	0.962457	6.371e+06
0.500166	0.962642	6.371e+06
0.488527	0.951931	6.371e+06
0.518274	0.951406	6.371e+06
0.475859	0.970972	6.371e+06
0.496214	0.976237	6.371e+06
0.513091	0.940204	6.371e+06
0.442332	0.964605	6.371e+06
0.534102	0.929301	6.371e+06
0.539623	0.940654	6.371e+06
0.526016	0.939035	6.371e+06
0.541911	0.91715	6.371e+06
0.571448	0.928727	6.371e+06
0.580032	0.935918	6.371e+06
0.598678	0.929834	6.371e+06
0.559847	0.930007	6.371e+06
0.554316	0.920138	6.371e+06
0.592627	0.940394	6.371e+06
0.552723	0.940688	6.371e+06
0.545672	0.951155	6.371e+06
0.571268	0.953274	6.371e+06
0.563626	0.961918	6.371e+06
0.538707	0.961699	6.371e+06
0.593572	0.952714	6.371e+06
0.574749	0.944485	6.371e+06
0.604193	0.938983	6.371e+06
0.603239	0.959519	6.371e+06
0.525772	0.962492	6.371e+06
0.6116	0.953308	6.371e+06
0.551686	0.961278	6.371e+06
0.472729	0.987524	6.371e+06
0.456929	0.988157	6.371e+06
0.489208	0.989953	6.371e+06
0.508001	1	6.371e+06
0.535688	0.992354	6.371e+06
0.52695	1	6.371e+06
0.515726	0.987633	6.371e+06
0.520462	0.974371	6.371e+06
0.553016	0.981129	6.371e+06
0.545725	0.97165	6.371e+06
0.588629	0.981586	6.371e+06
0.58321	0.970835	6.371e+06
0.594055	0.973512	6.371e+06
0.570308	0.972366	6.371e+06
0.574882	0.963551	6.371e+06
0.60374	0.969686	6.371e+06
0.612197	0.974503	6.371e+06
0.565099	0.981369	6.371e+06
0.560052	0.990701	6.371e+06
0.554487	1	6.371e+06
0.54024	0.981985	6.371e+06
0.571918	0.99033	6.371e+06
0.594803	0.990264	6.371e+06
0.605572	0.991706	6.371e+06
0.599959	1	6.371e+06
0.57777	1	6.371e+06
0.583347	0.990807	6.371e+06
0.617586	0.991903	6.371e+06
0.610766	0.983959	6.371e+06
0.61483	0.942859	6.371e+06
0.618895	0.903739	6.371e+06
0.660901	0.792051	6.371e+06
0.646534	0.791375	6.371e+06
0.649201	0.762538	6.371e+06
0.67705	0.794624	6.371e+06
0.631987	0.784135	6.371e+06
0.625992	0.810534	6.371e+06
0.633633	0.797873	6.371e+06
0.655669	0.805822	6.371e+06
0.649488	0.817288	6.371e+06
0.670713	0.829313	6.371e+06
0.668409	0.815496	6.371e+06
0.680766	0.821655	6.371e+06
0.636943	0.820715	6.371e+06
0.648254	0.830438	6.371e+06
0.669881	0.781391	6.371e+06
0.697468	0.787513	6.371e+06
0.69294	0.773232	6.371e+06
0.712856	0.78862	6.371e+06
0.731112	0.803042	6.371e+06
0.713145	0.815767	6.371e+06
0.712681	0.831996	6.371e+06
0.702707	0.809331	6.371e+06
0.716991	0.802835	6.371e+06
0.691912	0.814757	6.371e+06
0.692327	0.82818	6.371e+06
0.690743	0.799847	6.371e+06
0.737055	0.816408	6.371e+06
0.731665	0.82728	6.371e+06
0.714563	0.844993	6.371e+06
0.70257	0.83545	6.371e+06
0.624672	0.840245	6.371e+06
0.63587	0.848323	6.371e+06
0.659921	0.836706	6.371e+06
0.648467	0.843995	6.371e+06
0.665076	0.861627	6.371e+06
0.674068	0.85492	6.371e+06
0.64425	0.857763	6.371e+06
0.672656	0.842056	6.371e+06
0.654732	0.854888	6.371e+06
0.64334	0.870644	6.371e+06
0.640907	0.882776	6.371e+06
0.672484	0.878767	6.371e+06
0.663735	0.885969	6.371e+06
0.663714	0.873172	6.371e+06
0.683144	0.878945	6.371e+06
0.651351	0.888116	6.371e+06
0.670289	0.896679	6.371e+06
0.683657	0.847988	6.371e+06
0.626774	0.895871	6.371e+06
0.699166	0.86644	6.371e+06
0.694887	0.854824	6.371e+06
0.707132	0.856922	6.371e+06
0.692743	0.841642	6.371e+06
0.727224	0.848219	6.371e+06
0.724071	0.836911	6.371e+06
0.734823	0.86956	6.371e+06
0.723321	0.867863	6.371e+06
0.694833	0.878427	6.371e+06
0.705814	0.877294	6.371e+06
0.688087	0.869523	6.371e+06
0.71771	0.877706	6.371e+06
0.723885	0.887421	6.371e+06
0.700341	0.888396	6.371e+06
0.682514	0.897995	6.371e+06
0.736459	0.886999	6.371e+06
0.706535	0.897608	6.371e+06
0.739916	0.851404	6.371e+06
0.718098	0.896739	6.371e+06
0.748692	0.819457	6.371e+06
0.756207	0.809423	6.371e+06
0.763685	0.835951	6.371e+06
0.748819	0.843311	6.371e+06
0.761028	0.847391	6.371e+06
0.743008	0.863021	6.371e+06
0.7726	0.853502	6.371e+06
0.784395	0.876096	6.371e+06
0.752842	0.868096	6.371e+06
0.763778	0.871734	6.371e+06
0.747448	0.888209	6.371e+06
0.765955	0.883891	6.371e+06
0.777952	0.886541	6.371e+06
0.762956	0.901965	6.371e+06
0.783853	0.858333	6.371e+06
0.813792	0.871663	6.371e+06
0.80077	0.889879	6.371e+06
0.781759	0.897379	6.371e+06
0.750992	0.899455	6.371e+06
0.793349	0.898773	6.371e+06
0.630939	0.905085	6.371e+06
0.641437	0.905756	6.371e+06
0.635001	0.915313	6.371e+06
0.65307	0.906643	6.371e+06
0.664047	0.906547	6.371e+06
0.657598	0.916151	6.371e+06
0.647933	0.897544	6.371e+06
0.679349	0.917399	6.371e+06
0.684394	0.927627	6.371e+06
0.661959	0.925583	6.371e+06
0.650759	0.925276	6.371e+06
0.639497	0.925041	6.371e+06
0.628189	0.924359	6.371e+06
0.637403	0.943802	6.371e+06
0.63183	0.953096	6.371e+06
0.62151	0.933524	6.371e+06
0.652741	0.953211	6.371e+06
0.648193	0.943922	6.371e+06
0.658694	0.944145	6.371e+06
0.643839	0.934511	6.371e+06
0.668982	0.944623	6.371e+06
0.665253	0.935011	6.371e+06
0.637134	0.962386	6.371e+06
0.621236	0.953128	6.371e+06
0.668564	0.916446	6.371e+06
0.625998	0.962483	6.371e+06
0.684542	0.937303	6.371e+06
0.685403	0.907984	6.371e+06
0.704052	0.907689	6.371e+06
0.694787	0.909454	6.371e+06
0.72038	0.91629	6.371e+06
0.710633	0.917205	6.371e+06
0.696098	0.927448	6.371e+06
0.703867	0.936113	6.371e+06
0.709178	0.945094	6.371e+06
0.699075	0.945544	6.371e+06
0.707382	0.92702	6.371e+06
0.719438	0.944871	6.371e+06
0.713245	0.954398	6.371e+06
0.689106	0.946162	6.371e+06
0.678923	0.945619	6.371e+06
0.726203	0.935573	6.371e+06
0.729256	0.945997	6.371e+06
0.7181	0.926545	6.371e+06
0.738422	0.919223	6.371e+06
0.736693	0.930411	6.371e+06
0.731728	0.955859	6.371e+06
0.738767	0.962502	6.371e+06
0.717811	0.963957	6.371e+06
0.707807	0.963792	6.371e+06
0.724602	0.905813	6.371e+06
0.69364	0.954945	6.371e+06
0.629625	0.981122	6.371e+06
0.622271	0.972203	6.371e+06
0.64312	0.971789	6.371e+06
0.647387	0.982041	6.371e+06
0.663715	0.978525	6.371e+06
0.647665	0.962962	6.371e+06
0.662289	0.969855	6.371e+06
0.657252	0.962249	6.371e+06
0.650774	0.991642	6.371e+06
0.628756	0.990811	6.371e+06
0.623703	1	6.371e+06
0.639614	0.990401	6.371e+06
0.663517	0.991368	6.371e+06
0.66297	1	6.371e+06
0.64446	1	6.371e+06
0.677542	0.990767	6.371e+06
0.667941	0.962342	6.371e+06
0.677765	0.963431	6.371e+06
0.687995	0.963752	6.371e+06
0.682301	0.972259	6.371e+06
0.673339	0.954019	6.371e+06
0.695667	0.982306	6.371e+06
0.70169	0.973121	6.371e+06
0.705635	0.982245	6.371e+06
0.697917	0.963982	6.371e+06
0.677054	0.980369	6.371e+06
0.720994	0.973352	6.371e+06
0.730327	0.974167	6.371e+06
0.715616	0.982335	6.371e+06
0.688936	0.991124	6.371e+06
0.704998	1	6.371e+06
0.694892	1	6.371e+06
0.677865	1	6.371e+06
0.710093	0.991177	6.371e+06
0.720413	0.991344	6.371e+06
0.730958	0.991235	6.371e+06
0.736244	0.982176	6.371e+06
0.737326	0.940468	6.371e+06
0.745106	0.910921	6.371e+06
0.76351	0.912779	6.371e+06
0.771673	0.917059	6.371e+06
0.781002	0.917137	6.371e+06
0.753892	0.918995	6.371e+06
0.773861	0.927103	6.371e+06
0.747684	0.946034	6.371e+06
0.756782	0.941013	6.371e+06
0.766208	0.935453	6.371e+06
0.755759	0.930463	6.371e+06
0.773007	0.943944	6.371e+06
0.795153	0.929226	6.371e+06
0.739156	0.972246	6.371e+06
0.747604	0.957536	6.371e+06
0.791361	0.918507	6.371e+06
0.79749	0.909494	6.371e+06
0.819175	0.914357	6.371e+06
0.79865	0.93982	6.371e+06
0.782773	0.947435	6.371e+06
0.817929	0.934438	6.371e+06
0.805912	0.93085	6.371e+06
0.81452	0.948337	6.371e+06
0.797258	0.959266	6.371e+06
0.765728	0.958669	6.371e+06
0.756972	0.963243	6.371e+06
0.774922	0.964787	6.371e+06
0.785647	0.95891	6.371e+06
0.775519	0.977908	6.371e+06
0.765631	0.980503	6.371e+06
0.756585	0.973512	6.371e+06
0.750801	0.990808	6.371e+06
0.745916	1	6.371e+06
0.746521	0.979887	6.371e+06
0.761463	0.99102	6.371e+06
0.776075	1	6.371e+06
0.786643	0.979502	6.371e+06
0.803536	0.968851	6.371e+06
0.797508	0.978958	6.371e+06
0.808956	0.958931	6.371e+06
0.79081	0.989595	6.371e+06
0.800746	0.989266	6.371e+06
0.81987	0.989581	6.371e+06
0.836732	0.981944	6.371e+06
0.83091	0.974936	6.371e+06
0.841379	0.990364	6.371e+06
0.883821	0.941491	6.371e+06
0.957449	0.944729	6.371e+06
0.96853	0.955464	6.371e+06
0.953659	0.985188	6.371e+06
0.978477	1	6.371e+06
