-7.06819e-28
-3.35746e-28
3.46764e-28
-1.13743e-28
2.35642
-1.99142e-28
1.74601
-2.41728e-29
-1.08556e-28
5.10186e-29
4.48991
3.5904
12.6697
1.36514
0.637686
1.20169
0.559205
0.801607
6.28054
-1.52139e-29
2.06138
14.8297
6.18059
2.0525e-30
-4.71133e-30
1.51539
1.04085
2.87979
5.95077
0.7249
0.575697
2.65852
3.01814
0
8.69409
6.59381
16.0708
0
16.8686
19.0059
26.58
0.342702
0.896503
0
0
1.65132
0.176338
1.83167
2.618
2.88621
4.15001
0
0
0
0
0
1.05073
0.434604
1.28953
0
9.19458
9.51018
3.74221
0
9.15711
0
3.92397
0
7.75167
5.37046
32.7235
0
0
0
6.91784
0
14.0229
0
54.0495
0
5.31021
22.1739
11.8226
22.406
39.2199
43.5988
4.47688
43.9981
34.4672
0
0
0.515073
0
0
0
3.48199
5.49398
10.8178
5.1568
17.0054
18.367
28.7074
27.6784
26.9535
39.8322
19.9698
39.7427
32.4643
46.3046
45.1482
47.8755
46.2081
0
11.0925
0
0
0.184717
0
1.45693
2.22502
0
3.27494
0
1.15323
7.84752
5.59997
8.39614
34.3241
1.1645
3.11273
4.19521
0
0
0
0.736926
0.896385
2.34249
11.0413
4.28352
0
5.02137
0
35.9874
24.367
19.2795
20.7123
20.7064
12.2188
4.94038
6.23357
2.56837
2.10343
0.407949
0
0
0
6.56966
48.2079
13.6458
24.7614
10.5633
31.0071
17.3489
20.4824
4.82987
29.3223
29.9745
10.8289
27.658
24.1452
31.7552
36.3312
45.594
38.4907
53.2275
55.0052
38.0008
53.7261
51.904
22.0933
0
54.4826
35.17
42.5644
31.9702
39.4743
47.678
51.8093
46.6273
40.4638
39.2305
0
46.131
33.7123
38.9955
40.0821
4.00058
20.6366
0
0
35.4421
0
0
8.64487
4.56031
10.6833
8.64778
14.5771
14.7852
1.66882
1.84715
7.00513
9.49629
12.6718
14.7556
7.51297
10.9102
45.9748
25.6057
54.9714
29.5628
20.4835
0
15.278
21.2973
30.0502
45.4818
12.5928
0
34.5955
0
33.4339
51.3979
11.7678
2.38021
11.2562
4.06923
20.9819
15.8493
29.9775
27.0588
0
0
2.81433
4.02628
0
0
26.3992
32.0371
31.8557
11.3638
34.4693
34.3207
41.1924
50.5104
46.4531
48.2394
35.0827
42.1626
18.6276
48.4171
29.1619
0
12.3368
7.86939
9.32946
24.4047
18.4424
13.646
0
14.0748
6.61617
10.8735
0
0
3.63223
0.72309
0
6.24173
0
7.73292
9.34628
24.8503
25.8006
34.017
32.8313
2.32218
42.9952
54.9543
47.5333
9.10265
11.0072
14.0041
15.8362
14.6795
3.6438
12.8116
2.68296
17.9289
17.3287
38.5325
38.437
42.505
12.9947
8.32345
2.98321
7.82887
12.7862
9.88522
11.4057
23.0239
18.6583
36.6225
37.0192
38.4887
40.4909
43.8464
34.0819
25.9442
0
32.3914
12.9362
0
30.0694
11.1183
9.20744
22.4617
43.5648
42.9503
44.8198
44.2057
51.5311
55.2185
55.0404
46.4974
55.1025
51.1111
48.1206
45.2378
48.454
49.2687
46.8464
24.0426
55.5882
24.7826
31.0081
49.1516
50.1829
49.0915
46.8249
46.1103
49.1918
44.0279
49.6213
49.8504
52.1146
53.1707
49.072
46.4604
36.3162
31.8573
47.6152
37.2238
24.5968
22.9016
28.2408
0
26.1355
32.9692
21.0861
25.5546
0
6.04204
8.19157
9.21637
7.2973
18.7168
3.68877
9.99662
8.98058
0
4.40955
7.34767
10.1043
23.2038
38.7162
42.7778
47.2634
0
2.07132
4.12613
6.93466
2.31256
6.25211
8.76483
18.871
12.9902
31.9558
23.3946
25.6234
11.085
0
0
4.30049
2.68527
5.20963
3.43062
11.7137
11.7376
14.046
9.49384
14.2155
16.9775
14.0458
7.3309
14.3381
0
0
20.9695
24.9458
12.9283
26.9311
44.2075
48.5784
38.478
39.1902
39.2359
35.3545
42.3501
45.9705
51.8634
53.9006
47.1903
50.9365
40.16
51.575
50.2633
55.3762
54.4965
53.637
52.7662
55.0034
52.4212
52.1525
55.2985
49.4875
44.4248
37.0937
49.2944
26.0842
23.3324
21.7584
8.20253
40.3612
47.4997
39.3929
34.4067
41.9275
44.6058
11.5342
13.9857
25.4299
30.8397
43.1799
24.874
34.3344
43.2042
27.866
14.975
0
16.7606
5.77966
5.27093
15.4038
0
22.3978
10.2321
28.0924
38.269
37.461
40.5696
42.0557
8.53337
0
16.6318
6.90302
0
35.4691
30.3001
28.3171
34.801
6.47467
4.10469
7.47223
4.53632
28.7993
7.4235
0
52.2348
54.8323
38.5506
44.9563
34.8044
31.9563
12.9699
27.8716
14.2754
17.7037
4.69087
16.9133
0
26.848
21.5905
10.8958
14.484
8.7868
37.041
22.7345
10.9425
7.65586
21.9752
24.652
15.1387
3.31577
5.83616
3.86799
3.39597
2.96432
1.26312
0
25.1103
28.6938
41.428
6.24582
40.6526
39.6518
48.7665
44.0316
50.3851
53.0184
12.0067
6.21182
0
50.8103
4.03973
1.0502
6.83194
0
31.3817
2.52854
8.35414
1.1829
0.90762
2.4625
9.80117
8.48174
6.96636
1.09947
21.3765
11.8301
25.5428
26.9903
30.484
34.611
18.3783
37.4663
43.0856
40.8461
44.6153
47.6627
47.5919
41.8881
39.457
42.0033
45.8914
49.2045
52.2486
48.3744
43.6396
46.4839
43.2315
49.7289
51.4972
49.7832
1.18356
1.66668
6.14907
4.53547
4.45504
5.50388
4.33043
2.77888
2.79042
0
0.839269
9.48656
22.5922
15.6391
22.912
16.4977
11.4639
8.86777
11.8895
12.6318
20.2097
3.37499
6.92207
3.65032
3.25165
0
21.6473
0.342902
16.6744
19.803
22.7306
41.3914
35.8722
45.0119
42.0269
31.8847
34.5225
43.0677
33.259
34.7873
23.7791
7.49599
13.6223
27.5884
12.7703
7.37062
13.1963
13.4975
0
24.5303
33.4137
39.2224
14.2907
55.066
55.3112
55.6263
55.2886
53.9298
53.9131
55.4083
55.0632
53.7185
49.7961
36.6849
41.6177
54.5948
55.1838
50.9107
51.1248
54.2095
53.9739
53.2879
54.796
53.9235
54.0047
48.4066
43.7375
43.6657
45.4651
41.0719
35.7697
41.9084
32.9349
36.0895
29.0772
30.1835
27.4764
25.6331
23.3514
27.8711
19.819
16.1855
19.0277
8.35637
11.6717
49.9391
51.552
51.8431
49.1444
51.5905
48.52
47.6318
52.3357
42.4727
49.558
39.1943
27.5985
40.9655
33.0713
25.6761
41.8904
41.6798
42.9041
29.316
29.9657
32.3844
22.7195
37.7235
45.8466
29.8606
25.4361
34.249
30.8128
21.3886
28.2662
14.0764
13.5741
11.3837
13.8046
7.07675
0
0
0
17.0881
23.0537
20.1579
13.2644
18.4144
10.7744
0
7.55171
0
20.3949
13.4118
15.446
13.9386
19.9674
7.76523
0
0
2.36628
0
5.17789
30.7808
35.0324
29.6764
33.2744
29.7117
36.9262
34.6946
37.6141
9.23239
0
36.7121
40.1422
37.5051
45.0066
43.058
46.5158
47.0748
44.8606
48.9314
39.4375
49.0411
53.9195
0
1.0168
3.70033
5.80483
11.8056
10.5272
0
1.09638
2.627
2.54661
2.27722
3.85077
11.8617
10.956
6.31175
16.91
14.2538
22.4675
20.9438
21.9129
37.7759
43.5857
31.0514
37.3865
34.1743
40.9309
44.0351
43.8935
27.5161
45.4116
31.5111
36.4872
18.4502
16.7856
20.5921
22.7129
15.3409
16.35
23.8525
16.2358
27.5536
30.0878
26.9124
34.5358
34.4433
23.5827
25.4787
27.5772
23.359
32.8407
37.6713
30.0437
42.0251
39.9404
40.7407
37.0838
36.1596
14.4867
16.7439
0
4.10839
3.98084
1.0391
1.95459
0.927482
0
3.61762
7.57251
7.34022
8.65492
4.71274
5.47183
5.20296
0
0
0
0
11.9978
9.22375
14.3237
3.71856
18.9689
31.4958
26.4633
28.8809
10.9387
13.1822
21.4397
19.9207
14.9823
16.2512
20.4877
17.7699
17.5186
11.5972
6.96068
6.40404
4.24034
5.29596
9.55181
3.82873
0
8.71231
16.2482
0
27.4509
44.8059
48.061
49.8616
50.0278
49.3854
47.5444
52.2466
51.974
50.2522
52.54
52.739
54.3386
55.2371
55.3524
54.9516
54.1264
54.7595
52.7065
54.2109
53.5618
48.6394
48.7725
47.9321
50.4104
45.983
48.3852
46.2226
49.3605
44.2309
54.1665
53.9309
52.9964
53.1383
49.7417
51.6468
49.4431
52.2305
51.7012
49.1
46.4258
48.4246
53.0187
43.3368
50.9303
54.8525
47.2409
50.5819
45.9014
45.1954
45.5502
33.7886
37.8248
46.6098
43.62
44.6141
35.5623
29.0477
38.7322
33.7774
41.1726
43.8009
28.3682
33.3204
42.2221
42.9645
44.2354
46.519
40.8458
31.0198
37.1079
37.9461
36.9179
39.3845
30.5932
23.1987
23.0779
17.284
21.9846
22.3526
14.3177
9.56991
9.16223
9.14137
0
0
8.32383
23.6092
14.7427
23.427
24.5216
18.776
5.1283
9.92355
9.90139
0
5.59142
0
30.0364
23.3425
41.417
41.9695
31.3762
31.6261
37.6285
29.8348
34.6795
21.6716
29.5637
25.6864
25.1096
22.0075
14.7759
22.0956
14.7651
9.43446
5.75159
0
10.0665
14.8821
14.276
9.8135
0
0
34.1702
28.5836
34.5955
40.5731
5.62627
10.9307
16.311
18.3543
16.8085
0
9.94777
5.22624
0
16.852
4.24933
0
16.9681
12.2777
1.55153
2.60928
0
31.2457
8.05883
46.4733
51.7322
53.6578
4.56439
21.1161
2.54476
24.2208
36.1309
24.085
39.9677
39.8996
21.3396
15.454
18.5158
20.7233
27.3525
15.9767
13.7696
19.8836
20.8468
0
26.2762
38.1864
32.728
28.5838
30.7355
36.6198
36.2631
32.4804
26.845
31.9008
24.9646
25.0685
28.5968
28.0138
29.6157
31.127
43.2742
51.259
53.0207
55.4399
55.0432
54.5798
54.471
51.9384
52.9048
54.5017
53.452
55.552
54.9583
43.3989
42.2538
46.0731
47.5673
42.1781
45.2242
48.9714
46.5471
44.3568
47.7623
49.0088
43.0956
51.3155
49.9972
52.4984
54.9874
54.0698
53.481
54.2917
52.7394
53.847
50.8757
47.6455
50.9513
47.0719
43.8327
50.7871
51.7959
52.2844
53.6213
50.0426
49.3409
51.2296
52.6524
52.6927
46.3678
41.5162
33.3054
1.17455
8.78582
11.8973
6.03596
5.81402
5.44022
6.43929
6.03405
8.55167
14.8989
13.5359
14.8432
18.7099
13.7055
12.5192
18.4575
27.1036
23.8066
20.2569
21.0807
28.5795
24.2131
20.7797
15.9351
13.0326
6.3984
6.02328
15.4267
15.5436
13.8465
32.3935
25.7089
0
0
0
3.23608
1.7955
2.19101
0
9.95324
0
3.80588
13.0961
10.618
6.99093
4.63133
30.3926
38.559
37.3683
26.0034
19.9114
18.4878
23.4311
27.5546
33.6804
28.3425
18.3577
28.8323
39.5304
40.5834
41.78
40.7363
41.8453
46.2067
42.8211
43.1256
46.9815
45.2819
40.1679
36.0573
38.6079
33.8707
23.1464
29.2469
38.7812
31.0201
33.7466
37.1033
37.2507
34.9417
29.394
33.5875
28.8834
38.2759
32.9936
24.3744
28.756
42.3934
38.5444
12.193
21.1524
4.58952
22.721
17.1106
23.7278
7.51568
4.93419
5.3206
18.7022
15.5517
19.4266
29.6089
25.5277
24.1602
20.1762
20.4098
20.2524
20.531
30.1899
34.7435
14.5169
3.58431
4.61058
7.35475
0
7.65411
14.2616
7.49893
7.40307
0
7.25841
0
13.7967
19.8033
30.0397
50.3867
50.8877
7.10692
55.4934
55.5629
53.9314
54.5836
53.1553
55.352
40.4072
49.9327
55.4524
51.1311
54.5306
54.6588
48.5057
53.1312
45.3222
53.8054
51.7501
53.4193
49.5466
47.059
46.8319
54.1062
39.2926
37.4657
35.5795
30.6638
47.5654
48.056
51.1864
50.4809
53.4205
47.7272
48.3246
46.9378
45.9451
44.1854
42.3006
44.7419
45.1367
43.3068
44.4647
40.2787
35.1132
31.707
30.2576
40.6785
41.7262
38.1602
40.4077
37.3007
38.8982
32.8688
39.3936
30.7073
28.1546
30.6428
39.6145
45.1366
34.6933
38.2191
33.6701
27.4127
34.1832
27.858
22.9536
23.2834
25.3551
36.2047
33.4669
33.3022
29.4371
29.1487
29.5102
19.8467
16.661
13.8651
23.465
25.6398
24.9955
25.2103
30.3996
34.64
30.6073
25.9825
25.4642
23.1139
18.9013
14.7941
13.2431
6.88616
6.83706
19.5177
7.23226
0
3.74465
10.592
17.0673
7.20012
0
14.008
7.22656
20.4013
22.8838
20.0135
17.2769
13.1809
16.0324
15.7956
7.62047
11.0648
9.31506
17.1757
14.2241
17.1213
7.50494
3.89379
3.91449
3.96224
6.93652
0
17.9242
15.4067
5.27665
10.3265
2.93221
0.964457
2.40031
4.5348
8.86251
12.1624
29.0885
36.2339
42.2984
40.8732
34.523
40.2832
31.2346
34.3184
37.0211
39.7385
41.5503
46.9705
41.6295
48.8675
47.3826
46.3088
36.7238
45.5884
51.3427
50.519
52.9452
52.6795
50.9573
49.3095
53.2773
53.7499
54.4158
55.3389
4.47008
25.9221
19.8795
21.8002
18.6481
6.24808
8.29445
2.1837
0
9.98204
17.9105
18.4294
15.9655
18.7486
16.6261
18.9623
29.1793
28.4593
34.1492
38.7013
37.3598
29.7366
32.3132
25.3968
24.8061
27.7634
27.859
30.084
32.4337
34.8367
32.0254
23.1932
36.8419
43.1066
42.2441
44.2422
45.3799
47.4945
44.5612
42.7501
41.5362
39.9083
40.6784
39.9022
38.4794
41.1209
38.9271
36.1862
42.1122
43.1931
45.9527
45.0317
45.2604
33.7813
35.3272
47.4232
36.6397
37.689
23.2633
24.2993
31.3058
30.2689
28.7474
31.6029
28.9379
26.1239
27.0126
24.8552
19.0773
21.1015
23.1436
21.6507
27.4166
28.8509
21.0055
20.9585
22.0273
34.2259
32.8872
31.3708
33.8023
38.4648
42.9573
43.6042
41.4019
43.9145
45.5031
39.0524
36.5833
39.6302
28.8619
34.1427
31.6396
31.3739
37.8021
36.0272
35.1968
40.2106
30.9249
33.8203
31.4714
32.4346
24.2544
24.0166
42.1364
41.2474
30.409
28.9582
0.931963
4.10104
1.3186
1.02994
2.51759
2.32737
2.20043
1.83599
6.38648
9.32042
7.47296
9.55569
9.55529
6.96378
12.1421
6.72179
8.43238
0
0
2.72932
2.64896
5.00612
2.75391
2.71327
6.5648
3.44646
3.07677
3.90951
4.59988
0
16.63
16.771
18.828
17.6961
16.4833
13.4609
10.4718
12.0461
11.5252
14.3005
15.6133
9.76806
7.88051
18.3076
7.63648
22.2549
19.6636
19.04
25.9894
26.2818
25.3455
27.7654
23.6121
26.3008
24.321
20.4392
16.8725
19.0023
15.4269
13.3357
20.2547
22.9206
25.1226
18.2965
12.6749
21.4515
14.0845
3.48816
3.35625
3.97701
0
2.95657
0
4.37243
8.77375
7.71247
10.5287
8.68082
13.0133
12.2696
11.8472
15.3876
14.2984
12.2847
8.04179
4.06252
0
6.81902
4.39637
4.81414
3.83891
0
0
4.45642
4.2846
7.52418
25.1547
36.5129
52.2633
51.1949
51.4716
53.2146
50.0155
48.8066
49.9203
51.5153
50.4957
51.2495
51.9703
52.4029
49.3445
49.6421
53.0611
54.4403
54.4802
54.7849
54.4858
53.8111
52.2132
54.4065
54.5253
53.3816
52.7304
53.7929
53.7534
53.099
51.0868
52.7998
46.8487
47.107
49.9407
48.5227
47.8505
49.2172
46.9145
50.554
48.2797
45.0984
42.8332
45.4974
43.6944
46.0153
45.9041
42.5411
41.6687
50.5786
39.0226
48.5176
50.1965
49.9777
51.7426
50.8031
52.0744
47.5207
48.1872
46.3854
46.7001
47.6613
46.6123
44.6279
44.5445
41.9271
45.2491
42.3857
50.2589
42.3644
53.3295
53.7148
51.5017
50.9769
50.0988
48.577
49.0361
43.7641
47.5966
46.491
44.3986
44.3077
42.9624
40.7998
47.8163
42.7973
39.7173
40.4495
41.7762
38.8306
37.2338
37.8625
34.9271
38.3768
38.99
36.0636
40.2621
36.7592
33.8191
33.4452
32.9809
32.4114
31.8964
25.8722
22.0125
28.6482
22.7883
26.3476
26.7281
29.5593
26.9592
30.4058
18.3436
21.5138
36.5303
18.0334
30.3844
39.6212
39.9321
39.8106
37.29
37.0211
34.1152
30.9631
27.5485
27.3689
34.1198
27.5981
23.7138
27.0353
26.9398
30.9582
26.9431
34.1363
35.6427
32.2483
22.7537
19.6661
19.3915
19.4869
40.4262
23.3691
10.0893
13.9626
14.0655
9.44491
11.1928
18.3553
15.3194
18.9868
4.69264
5.14203
0
4.82355
5.00297
0
0
5.17843
19.176
19.0835
19.2168
14.9588
23.1884
10.0024
14.8829
10.1333
19.3095
10.7078
14.7995
14.3073
10.1407
5.10175
0
0
0
5.1941
5.12756
5.14734
10.1263
28.6935
38.7654
37.7827
36.1048
34.6144
36.5201
32.8183
26.1205
27.6214
29.039
31.4841
26.2967
29.7658
15.1363
21.5246
33.1121
36.0393
32.2228
25.8331
24.1402
26.0052
28.1684
22.1433
18.3928
20.5082
18.7271
17.745
19.2524
11.3523
10.4412
14.0651
5.28484
0
11.2207
5.0379
0
10.2772
14.41
10.232
18.3196
5.33084
5.36222
4.9101
7.96622
11.0656
4.27094
18.0688
7.36384
4.65705
2.51195
0
5.56069
15.0839
0
6.20901
41.5193
39.1546
49.828
52.559
52.2974
55.5212
30.7393
23.0998
32.6048
20.7859
0
32.4545
36.498
34.5069
34.7278
36.4724
34.8116
38.3612
44.5255
41.5321
40.0452
44.9778
16.0435
23.7928
21.826
24.7394
23.0225
28.8672
18.1529
7.39789
17.2033
18.8846
20.9257
18.7333
26.3072
13.8956
26.7922
24.5375
22.7134
30.852
32.8244
39.2101
36.7139
40.834
43.7589
29.9961
38.9463
37.6855
40.0519
36.444
35.9048
37.0726
37.9859
34.0964
30.6538
30.5392
28.8783
49.94
50.5405
50.7023
50.2561
51.0226
50.8489
53.0204
52.0531
52.4573
53.3447
54.5119
53.4067
54.6324
52.7466
46.6418
44.9834
47.9443
41.9393
43.6683
44.4379
47.0705
45.2021
47.6833
51.911
48.7211
48.8117
46.6338
42.4752
43.1439
40.6885
45.2448
39.4139
45.9842
46.065
45.047
42.9263
40.6579
38.0422
48.7436
52.5667
51.8138
50.4744
49.5708
52.264
49.8589
53.2202
52.7863
52.5736
51.2233
51.7969
50.6536
47.1594
48.1918
45.6964
47.6998
50.0662
48.7797
44.8003
44.6013
42.6457
47.4291
44.8008
43.2132
41.3857
41.4148
46.2231
44.6721
48.7745
48.291
49.075
47.8478
47.4659
47.0366
44.3805
46.0924
44.5984
49.5038
50.6889
45.5596
44.1673
43.8614
42.9737
51.8599
41.1155
46.5637
48.2962
35.353
10.1055
6.80832
3.19839
9.81364
16.3557
20.7906
11.2376
10.5381
4.17853
3.79814
3.2282
7.50001
5.19227
7.38877
14.0866
13.4955
11.1486
11.5252
8.04404
9.06558
9.00291
14.6439
10.1732
25.5139
22.0396
19.3765
17.6304
24.4889
21.7455
27.1524
26.3928
34.1057
28.086
28.3032
32.4916
18.2006
18.6189
23.4596
17.7896
12.7616
15.2612
16.3332
12.6396
23.2213
22.3072
24.5066
22.0001
23.7831
21.088
17.4345
19.2125
18.1277
14.7839
12.9437
14.2132
30.1261
16.0463
19.8046
2.14089
1.81023
4.94523
2.5994
0
6.26179
3.07585
9.92505
9.73563
3.21585
8.0837
3.34874
0
7.01072
2.88675
6.74544
13.4515
10.2555
7.2748
8.2653
9.84786
3.64251
3.70994
0
0
3.77187
0
3.88642
3.84657
7.43046
3.42395
0
4.17103
3.5312
0
13.2814
9.92649
34.2999
32.8229
31.1256
29.3863
32.5287
31.3004
36.4442
37.0346
33.2396
36.1233
34.069
35.696
39.6099
27.0781
26.1909
30.5298
26.5461
24.6623
20.2555
21.9749
25.5089
21.9751
24.4863
25.2862
25.6797
27.7149
32.1169
31.4122
26.0602
21.1141
22.2926
25.6753
30.1983
20.1042
21.5334
27.1384
25.7155
37.2718
39.3508
37.5968
39.3915
38.9793
41.1093
41.2575
36.37
38.3359
35.1968
35.6626
35.1021
37.193
34.7249
32.5591
32.569
34.8583
37.0589
39.1583
42.0871
43.5487
42.6325
40.9756
40.7716
40.5229
40.1996
36.919
36.7292
38.7948
38.2014
39.7823
36.4638
34.5511
32.4758
32.2321
36.0865
34.7702
32.1794
30.9125
31.9953
34.9994
30.6741
26.4603
27.6356
28.183
23.5111
23.4092
23.6918
26.5587
28.697
32.5823
31.5002
32.6374
30.2603
27.6903
27.9691
30.4792
27.2348
27.9648
27.5439
25.2248
22.5347
22.7669
25.7198
29.7977
31.9119
22.752
27.2837
20.5545
16.6028
14.6759
14.8819
16.647
19.7475
14.9593
8.61046
11.1272
16.0736
10.9974
8.28242
17.5807
20.8294
11.5931
9.34483
19.2005
11.4804
8.8466
7.6724
4.04211
0
4.26009
3.88832
0
3.95483
7.60839
3.37743
0
0
14.8606
20.1679
17.3454
17.3165
17.5482
18.3034
23.522
20.6704
14.4441
15.6411
16.9022
17.4877
14.2364
10.9225
10.9992
11.2203
11.1305
11.9793
17.4639
19.8373
22.6401
23.0076
20.4689
16.9955
16.8244
13.9212
17.1612
17.392
14.2341
10.3966
13.6744
10.5079
16.7489
10.7191
10.6076
19.6561
22.3296
10.9026
10.8315
7.50696
10.7463
8.90857
4.76059
3.93103
3.89945
7.58966
0
2.92589
0
3.9026
0
9.9882
3.88028
7.43733
3.82029
3.79518
7.33847
7.18844
3.69226
3.6521
3.77545
3.72307
0
0
3.59497
0
0
6.99634
10.2697
16.6285
3.51226
43.1439
44.9084
54.9608
54.4208
52.8668
48.5697
50.4763
51.6736
48.4608
49.8798
47.0483
43.598
50.8775
45.387
49.9466
48.7293
47.3216
46.1301
44.3769
46.816
45.257
41.4691
43.4335
45.7184
43.3163
42.6504
42.0728
43.9638
41.2554
40.0337
41.3301
35.5634
34.7024
37.035
33.8526
37.8674
35.6238
38.5342
33.6164
39.216
38.0812
39.3422
36.6594
35.646
34.5499
36.9206
33.1927
32.3573
35.731
32.0524
34.1152
39.9015
41.3905
37.6541
37.5098
30.3833
35.2424
32.8132
29.1527
28.1028
25.6166
28.0391
32.1894
30.8878
31.4721
28.9468
26.9392
26.8276
28.5969
28.1539
22.1838
19.2736
21.783
24.75
20.9197
17.4908
20.3579
23.9346
16.142
26.1765
27.8959
30.2067
27.3469
31.2512
26.7335
19.9454
18.2963
24.2042
24.1572
25.5761
22.4095
18.269
21.9042
22.7744
16.4459
16.2376
10.4155
14.7421
10.9208
13.192
10.0782
7.49914
3.48694
3.51737
0
6.98238
3.59225
0
10.1228
13.4161
3.68766
13.7959
11.2909
10.7089
16.988
4.17768
7.75293
0
10.5652
3.73569
7.83456
3.48841
16.9705
13.8621
25.0265
25.5942
20.0049
20.1503
20.0404
19.9872
22.6616
13.9333
17.0973
10.8444
10.7214
14.0797
0
3.5632
3.78271
7.41817
3.88466
14.1503
11.0107
19.1647
17.1281
