time	L2Error	H1Error
0.00078125	9.81388e-05	0.0152198
0.0015625	9.86596e-05	0.0152317
0.00234375	9.91683e-05	0.0152435
0.003125	9.96667e-05	0.0152554
0.00390625	0.000100156	0.0152672
0.0046875	0.000100636	0.0152791
0.00546875	0.000101108	0.015291
0.00625	0.000101573	0.0153029
0.00703125	0.000102031	0.0153149
0.0078125	0.000102482	0.0153268
0.00859375	0.000102927	0.0153387
0.009375	0.000103365	0.0153507
0.0101563	0.000103797	0.0153626
0.0109375	0.000104223	0.0153746
0.0117188	0.000104644	0.0153866
0.0125	0.00010506	0.0153986
0.0132813	0.00010547	0.0154106
0.0140625	0.000105875	0.0154226
0.0148438	0.000106275	0.0154346
0.015625	0.00010667	0.0154466
0.0164063	0.000107061	0.0154587
0.0171875	0.000107446	0.0154707
0.0179688	0.000107828	0.0154828
0.01875	0.000108205	0.0154949
0.0195313	0.000108577	0.015507
0.0203125	0.000108946	0.0155191
0.0210938	0.00010931	0.0155312
0.021875	0.000109671	0.0155433
0.0226563	0.000110027	0.0155554
0.0234375	0.000110379	0.0155675
0.0242188	0.000110728	0.0155797
0.025	0.000111073	0.0155918
0.0257813	0.000111414	0.015604
0.0265625	0.000111752	0.0156162
0.0273438	0.000112086	0.0156284
0.028125	0.000112417	0.0156406
0.0289063	0.000112744	0.0156528
0.0296875	0.000113068	0.015665
0.0304688	0.000113389	0.0156772
0.03125	0.000113707	0.0156895
0.0320313	0.000114021	0.0157017
0.0328125	0.000114332	0.015714
0.0335938	0.00011464	0.0157262
0.034375	0.000114946	0.0157385
0.0351562	0.000115248	0.0157508
0.0359375	0.000115547	0.0157631
0.0367187	0.000115843	0.0157754
0.0375	0.000116137	0.0157877
0.0382812	0.000116428	0.0158
0.0390625	0.000116716	0.0158124
0.0398437	0.000117001	0.0158247
0.040625	0.000117284	0.0158371
0.0414062	0.000117564	0.0158494
0.0421875	0.000117841	0.0158618
0.0429687	0.000118116	0.0158742
0.04375	0.000118389	0.0158866
0.0445312	0.000118659	0.015899
0.0453125	0.000118927	0.0159114
0.0460937	0.000119192	0.0159238
0.046875	0.000119455	0.0159363
0.0476562	0.000119715	0.0159487
0.0484375	0.000119974	0.0159612
0.0492187	0.00012023	0.0159736
0.05	0.000120484	0.0159861
0.0507812	0.000120736	0.0159986
0.0515625	0.000120985	0.0160111
0.0523437	0.000121233	0.0160236
0.053125	0.000121478	0.0160361
0.0539062	0.000121721	0.0160486
0.0546875	0.000121963	0.0160612
0.0554687	0.000122202	0.0160737
0.05625	0.00012244	0.0160863
0.0570312	0.000122675	0.0160988
0.0578125	0.000122909	0.0161114
0.0585937	0.000123141	0.016124
0.059375	0.00012337	0.0161366
0.0601562	0.000123599	0.0161492
0.0609375	0.000123825	0.0161618
0.0617187	0.00012405	0.0161744
0.0625	0.000124272	0.0161871
0.0632812	0.000124494	0.0161997
0.0640625	0.000124713	0.0162124
0.0648437	0.000124931	0.016225
0.065625	0.000125147	0.0162377
0.0664062	0.000125362	0.0162504
0.0671875	0.000125575	0.0162631
0.0679687	0.000125786	0.0162758
0.06875	0.000125996	0.0162885
0.0695312	0.000126205	0.0163013
0.0703125	0.000126412	0.016314
0.0710937	0.000126618	0.0163267
0.071875	0.000126822	0.0163395
0.0726562	0.000127024	0.0163523
0.0734375	0.000127226	0.016365
0.0742187	0.000127426	0.0163778
0.075	0.000127624	0.0163906
0.0757812	0.000127822	0.0164034
0.0765625	0.000128018	0.0164162
0.0773437	0.000128212	0.0164291
0.078125	0.000128406	0.0164419
0.0789062	0.000128598	0.0164547
0.0796875	0.000128789	0.0164676
0.0804687	0.000128979	0.0164805
0.08125	0.000129167	0.0164933
0.0820312	0.000129355	0.0165062
0.0828125	0.000129541	0.0165191
0.0835937	0.000129726	0.016532
0.084375	0.00012991	0.016545
0.0851562	0.000130093	0.0165579
0.0859375	0.000130275	0.0165708
0.0867187	0.000130456	0.0165838
0.0875	0.000130636	0.0165967
0.0882812	0.000130814	0.0166097
0.0890625	0.000130992	0.0166227
0.0898437	0.000131169	0.0166357
0.090625	0.000131344	0.0166487
0.0914062	0.000131519	0.0166617
0.0921875	0.000131693	0.0166747
0.0929687	0.000131866	0.0166877
0.09375	0.000132038	0.0167008
0.0945312	0.000132209	0.0167138
0.0953125	0.000132379	0.0167269
0.0960937	0.000132549	0.0167399
0.096875	0.000132717	0.016753
0.0976562	0.000132885	0.0167661
0.0984375	0.000133051	0.0167792
0.0992187	0.000133217	0.0167923
0.1	0.000133383	0.0168055
0.100781	0.000133547	0.0168186
0.101562	0.000133711	0.0168317
0.102344	0.000133873	0.0168449
0.103125	0.000134036	0.016858
0.103906	0.000134197	0.0168712
0.104687	0.000134358	0.0168844
0.105469	0.000134517	0.0168976
0.10625	0.000134677	0.0169108
0.107031	0.000134835	0.016924
0.107812	0.000134993	0.0169372
0.108594	0.00013515	0.0169505
0.109375	0.000135307	0.0169637
0.110156	0.000135463	0.016977
0.110937	0.000135618	0.0169902
0.111719	0.000135772	0.0170035
0.1125	0.000135926	0.0170168
0.113281	0.00013608	0.0170301
0.114062	0.000136233	0.0170434
0.114844	0.000136385	0.0170567
0.115625	0.000136536	0.0170701
0.116406	0.000136687	0.0170834
0.117187	0.000136838	0.0170968
0.117969	0.000136988	0.0171101
0.11875	0.000137137	0.0171235
0.119531	0.000137286	0.0171369
0.120312	0.000137435	0.0171503
0.121094	0.000137583	0.0171637
0.121875	0.00013773	0.0171771
0.122656	0.000137877	0.0171905
0.123437	0.000138024	0.0172039
0.124219	0.000138169	0.0172174
0.125	0.000138315	0.0172308
0.125781	0.00013846	0.0172443
0.126562	0.000138605	0.0172578
0.127344	0.000138749	0.0172713
0.128125	0.000138893	0.0172848
0.128906	0.000139036	0.0172983
0.129687	0.000139179	0.0173118
0.130469	0.000139321	0.0173253
0.13125	0.000139463	0.0173389
0.132031	0.000139605	0.0173524
0.132812	0.000139746	0.017366
0.133594	0.000139887	0.0173795
0.134375	0.000140028	0.0173931
0.135156	0.000140168	0.0174067
0.135937	0.000140308	0.0174203
0.136719	0.000140448	0.0174339
0.1375	0.000140587	0.0174476
0.138281	0.000140726	0.0174612
0.139062	0.000140864	0.0174748
0.139844	0.000141002	0.0174885
0.140625	0.00014114	0.0175022
0.141406	0.000141278	0.0175158
0.142187	0.000141415	0.0175295
0.142969	0.000141552	0.0175432
0.14375	0.000141689	0.0175569
0.144531	0.000141825	0.0175707
0.145312	0.000141961	0.0175844
0.146094	0.000142097	0.0175981
0.146875	0.000142232	0.0176119
0.147656	0.000142368	0.0176257
0.148438	0.000142503	0.0176394
0.149219	0.000142637	0.0176532
0.15	0.000142772	0.017667
0.150781	0.000142906	0.0176808
0.151563	0.00014304	0.0176946
0.152344	0.000143174	0.0177085
0.153125	0.000143307	0.0177223
0.153906	0.000143441	0.0177362
0.154688	0.000143574	0.01775
0.155469	0.000143707	0.0177639
0.15625	0.00014384	0.0177778
0.157031	0.000143972	0.0177917
0.157813	0.000144104	0.0178056
0.158594	0.000144236	0.0178195
0.159375	0.000144368	0.0178334
0.160156	0.0001445	0.0178474
0.160938	0.000144631	0.0178613
0.161719	0.000144763	0.0178753
0.1625	0.000144894	0.0178892
0.163281	0.000145025	0.0179032
0.164063	0.000145156	0.0179172
0.164844	0.000145286	0.0179312
0.165625	0.000145417	0.0179452
0.166406	0.000145547	0.0179592
0.167188	0.000145678	0.0179733
0.167969	0.000145808	0.0179873
0.16875	0.000145938	0.0180014
0.169531	0.000146067	0.0180155
0.170313	0.000146197	0.0180295
0.171094	0.000146326	0.0180436
0.171875	0.000146456	0.0180577
0.172656	0.000146585	0.0180718
0.173438	0.000146714	0.018086
0.174219	0.000146843	0.0181001
0.175	0.000146972	0.0181142
0.175781	0.000147101	0.0181284
0.176563	0.000147229	0.0181426
0.177344	0.000147358	0.0181567
0.178125	0.000147486	0.0181709
0.178906	0.000147615	0.0181851
0.179688	0.000147743	0.0181994
0.180469	0.000147871	0.0182136
0.18125	0.000147999	0.0182278
0.182031	0.000148127	0.0182421
0.182813	0.000148255	0.0182563
0.183594	0.000148383	0.0182706
0.184375	0.000148511	0.0182849
0.185156	0.000148638	0.0182992
0.185938	0.000148766	0.0183135
0.186719	0.000148893	0.0183278
0.1875	0.000149021	0.0183421
0.188281	0.000149148	0.0183564
0.189063	0.000149275	0.0183708
0.189844	0.000149403	0.0183851
0.190625	0.00014953	0.0183995
0.191406	0.000149657	0.0184139
0.192188	0.000149784	0.0184283
0.192969	0.000149911	0.0184427
0.19375	0.000150038	0.0184571
0.194531	0.000150165	0.0184715
0.195313	0.000150291	0.0184859
0.196094	0.000150418	0.0185004
0.196875	0.000150545	0.0185149
0.197656	0.000150672	0.0185293
0.198438	0.000150798	0.0185438
0.199219	0.000150925	0.0185583
0.2	0.000151052	0.0185728
0.200781	0.000151178	0.0185873
0.201563	0.000151305	0.0186018
0.202344	0.000151431	0.0186164
0.203125	0.000151558	0.0186309
0.203906	0.000151684	0.0186455
0.204688	0.000151811	0.0186601
0.205469	0.000151937	0.0186746
0.20625	0.000152063	0.0186892
0.207031	0.00015219	0.0187039
0.207813	0.000152316	0.0187185
0.208594	0.000152443	0.0187331
0.209375	0.000152569	0.0187477
0.210156	0.000152695	0.0187624
0.210938	0.000152822	0.0187771
0.211719	0.000152948	0.0187917
0.2125	0.000153074	0.0188064
0.213281	0.0001532	0.0188211
0.214063	0.000153327	0.0188358
0.214844	0.000153453	0.0188505
0.215625	0.000153579	0.0188653
0.216406	0.000153706	0.01888
0.217188	0.000153832	0.0188948
0.217969	0.000153958	0.0189095
0.21875	0.000154085	0.0189243
0.219531	0.000154211	0.0189391
0.220313	0.000154337	0.0189539
0.221094	0.000154464	0.0189687
0.221875	0.00015459	0.0189836
0.222656	0.000154716	0.0189984
0.223438	0.000154843	0.0190132
0.224219	0.000154969	0.0190281
0.225	0.000155095	0.019043
0.225781	0.000155222	0.0190579
0.226563	0.000155348	0.0190727
0.227344	0.000155475	0.0190877
0.228125	0.000155601	0.0191026
0.228906	0.000155728	0.0191175
0.229688	0.000155854	0.0191324
0.230469	0.000155981	0.0191474
0.23125	0.000156107	0.0191624
0.232031	0.000156234	0.0191773
0.232813	0.000156361	0.0191923
0.233594	0.000156487	0.0192073
0.234375	0.000156614	0.0192223
0.235156	0.000156741	0.0192374
0.235938	0.000156868	0.0192524
0.236719	0.000156994	0.0192674
0.2375	0.000157121	0.0192825
0.238281	0.000157248	0.0192976
0.239063	0.000157375	0.0193127
0.239844	0.000157502	0.0193277
0.240625	0.000157629	0.0193429
0.241406	0.000157756	0.019358
0.242188	0.000157883	0.0193731
0.242969	0.00015801	0.0193882
0.24375	0.000158137	0.0194034
0.244531	0.000158265	0.0194186
0.245313	0.000158392	0.0194337
0.246094	0.000158519	0.0194489
0.246875	0.000158647	0.0194641
0.247656	0.000158774	0.0194793
0.248438	0.000158901	0.0194946
0.249219	0.000159029	0.0195098
0.25	0.000159156	0.019525
0.250781	0.000159284	0.0195403
0.251563	0.000159412	0.0195556
0.252344	0.000159539	0.0195709
0.253125	0.000159667	0.0195862
0.253906	0.000159795	0.0196015
0.254688	0.000159923	0.0196168
0.255469	0.000160051	0.0196321
0.25625	0.000160178	0.0196475
0.257031	0.000160306	0.0196628
0.257813	0.000160435	0.0196782
0.258594	0.000160563	0.0196936
0.259375	0.000160691	0.019709
0.260156	0.000160819	0.0197244
0.260938	0.000160947	0.0197398
0.261719	0.000161076	0.0197552
0.2625	0.000161204	0.0197706
0.263281	0.000161333	0.0197861
0.264063	0.000161461	0.0198016
0.264844	0.00016159	0.019817
0.265625	0.000161719	0.0198325
0.266406	0.000161847	0.019848
0.267188	0.000161976	0.0198635
0.267969	0.000162105	0.0198791
0.26875	0.000162234	0.0198946
0.269531	0.000162363	0.0199101
0.270313	0.000162492	0.0199257
0.271094	0.000162621	0.0199413
0.271875	0.00016275	0.0199569
0.272656	0.00016288	0.0199725
0.273438	0.000163009	0.0199881
0.274219	0.000163138	0.0200037
0.275	0.000163268	0.0200193
0.275781	0.000163397	0.020035
0.276563	0.000163527	0.0200506
0.277344	0.000163657	0.0200663
0.278125	0.000163787	0.020082
0.278906	0.000163916	0.0200977
0.279688	0.000164046	0.0201134
0.280469	0.000164176	0.0201291
0.28125	0.000164306	0.0201448
0.282031	0.000164436	0.0201606
0.282813	0.000164567	0.0201763
0.283594	0.000164697	0.0201921
0.284375	0.000164827	0.0202079
0.285156	0.000164958	0.0202237
0.285938	0.000165088	0.0202395
0.286719	0.000165219	0.0202553
0.2875	0.00016535	0.0202711
0.288281	0.00016548	0.020287
0.289063	0.000165611	0.0203028
0.289844	0.000165742	0.0203187
0.290625	0.000165873	0.0203346
0.291406	0.000166004	0.0203505
0.292188	0.000166135	0.0203664
0.292969	0.000166267	0.0203823
0.29375	0.000166398	0.0203982
0.294531	0.000166529	0.0204142
0.295313	0.000166661	0.0204301
0.296094	0.000166792	0.0204461
0.296875	0.000166924	0.0204621
0.297656	0.000167056	0.0204781
0.298438	0.000167188	0.0204941
0.299219	0.000167319	0.0205101
0.3	0.000167451	0.0205261
0.300781	0.000167584	0.0205422
0.301563	0.000167716	0.0205582
0.302344	0.000167848	0.0205743
0.303125	0.00016798	0.0205904
0.303906	0.000168113	0.0206064
0.304688	0.000168245	0.0206226
0.305469	0.000168378	0.0206387
0.30625	0.00016851	0.0206548
0.307031	0.000168643	0.0206709
0.307813	0.000168776	0.0206871
0.308594	0.000168909	0.0207033
0.309375	0.000169042	0.0207194
0.310156	0.000169175	0.0207356
0.310938	0.000169308	0.0207518
0.311719	0.000169442	0.0207681
0.3125	0.000169575	0.0207843
0.313281	0.000169708	0.0208005
0.314063	0.000169842	0.0208168
0.314844	0.000169976	0.0208331
0.315625	0.000170109	0.0208493
0.316406	0.000170243	0.0208656
0.317188	0.000170377	0.020882
0.317969	0.000170511	0.0208983
0.31875	0.000170645	0.0209146
0.319531	0.000170779	0.020931
0.320313	0.000170914	0.0209473
0.321094	0.000171048	0.0209637
0.321875	0.000171183	0.0209801
0.322656	0.000171317	0.0209965
0.323438	0.000171452	0.0210129
0.324219	0.000171587	0.0210293
0.325	0.000171721	0.0210457
0.325781	0.000171856	0.0210622
0.326563	0.000171991	0.0210786
0.327344	0.000172127	0.0210951
0.328125	0.000172262	0.0211116
0.328906	0.000172397	0.0211281
0.329688	0.000172532	0.0211446
0.330469	0.000172668	0.0211611
0.33125	0.000172804	0.0211777
0.332031	0.000172939	0.0211942
0.332813	0.000173075	0.0212108
0.333594	0.000173211	0.0212274
0.334375	0.000173347	0.021244
0.335156	0.000173483	0.0212606
0.335938	0.000173619	0.0212772
0.336719	0.000173756	0.0212938
0.3375	0.000173892	0.0213105
0.338281	0.000174028	0.0213271
0.339063	0.000174165	0.0213438
0.339844	0.000174302	0.0213605
0.340625	0.000174438	0.0213772
0.341406	0.000174575	0.0213939
0.342188	0.000174712	0.0214106
0.342969	0.000174849	0.0214273
0.34375	0.000174987	0.0214441
0.344531	0.000175124	0.0214608
0.345313	0.000175261	0.0214776
0.346094	0.000175399	0.0214944
0.346875	0.000175536	0.0215112
0.347656	0.000175674	0.021528
0.348438	0.000175812	0.0215448
0.349219	0.000175949	0.0215617
0.35	0.000176087	0.0215785
0.350781	0.000176226	0.0215954
0.351563	0.000176364	0.0216122
0.352344	0.000176502	0.0216291
0.353125	0.00017664	0.021646
0.353906	0.000176779	0.021663
0.354688	0.000176917	0.0216799
0.355469	0.000177056	0.0216968
0.35625	0.000177195	0.0217138
0.357031	0.000177334	0.0217308
0.357813	0.000177473	0.0217477
0.358594	0.000177612	0.0217647
0.359375	0.000177751	0.0217818
0.360156	0.00017789	0.0217988
0.360938	0.00017803	0.0218158
0.361719	0.000178169	0.0218329
0.3625	0.000178309	0.0218499
0.363281	0.000178449	0.021867
0.364063	0.000178588	0.0218841
0.364844	0.000178728	0.0219012
0.365625	0.000178868	0.0219183
0.366406	0.000179008	0.0219354
0.367188	0.000179149	0.0219526
0.367969	0.000179289	0.0219697
0.36875	0.000179429	0.0219869
0.369531	0.00017957	0.0220041
0.370313	0.000179711	0.0220213
0.371094	0.000179851	0.0220385
0.371875	0.000179992	0.0220557
0.372656	0.000180133	0.022073
0.373438	0.000180274	0.0220902
0.374219	0.000180415	0.0221075
0.375	0.000180557	0.0221248
0.375781	0.000180698	0.0221421
0.376563	0.00018084	0.0221594
0.377344	0.000180981	0.0221767
0.378125	0.000181123	0.022194
0.378906	0.000181265	0.0222114
0.379688	0.000181407	0.0222287
0.380469	0.000181549	0.0222461
0.38125	0.000181691	0.0222635
0.382031	0.000181833	0.0222809
0.382813	0.000181975	0.0222983
0.383594	0.000182118	0.0223157
0.384375	0.00018226	0.0223332
0.385156	0.000182403	0.0223506
0.385938	0.000182546	0.0223681
0.386719	0.000182689	0.0223856
0.3875	0.000182832	0.0224031
0.388281	0.000182975	0.0224206
0.389063	0.000183118	0.0224381
0.389844	0.000183261	0.0224556
0.390625	0.000183405	0.0224732
0.391406	0.000183548	0.0224907
0.392188	0.000183692	0.0225083
0.392969	0.000183836	0.0225259
0.39375	0.00018398	0.0225435
0.394531	0.000184124	0.0225611
0.395313	0.000184268	0.0225788
0.396094	0.000184412	0.0225964
0.396875	0.000184556	0.0226141
0.397656	0.000184701	0.0226318
0.398438	0.000184845	0.0226494
0.399219	0.00018499	0.0226671
0.4	0.000185135	0.0226849
0.400781	0.000185279	0.0227026
0.401563	0.000185424	0.0227203
0.402344	0.00018557	0.0227381
0.403125	0.000185715	0.0227559
0.403906	0.00018586	0.0227736
0.404688	0.000186005	0.0227914
0.405469	0.000186151	0.0228093
0.40625	0.000186297	0.0228271
0.407031	0.000186442	0.0228449
0.407813	0.000186588	0.0228628
0.408594	0.000186734	0.0228806
0.409375	0.00018688	0.0228985
0.410156	0.000187026	0.0229164
0.410938	0.000187173	0.0229343
0.411719	0.000187319	0.0229523
0.4125	0.000187466	0.0229702
0.413281	0.000187612	0.0229882
0.414063	0.000187759	0.0230061
0.414844	0.000187906	0.0230241
0.415625	0.000188053	0.0230421
0.416406	0.0001882	0.0230601
0.417188	0.000188347	0.0230781
0.417969	0.000188495	0.0230962
0.41875	0.000188642	0.0231142
0.419531	0.00018879	0.0231323
0.420313	0.000188937	0.0231504
0.421094	0.000189085	0.0231685
0.421875	0.000189233	0.0231866
0.422656	0.000189381	0.0232047
0.423438	0.000189529	0.0232228
0.424219	0.000189677	0.023241
0.425	0.000189826	0.0232591
0.425781	0.000189974	0.0232773
0.426563	0.000190123	0.0232955
0.427344	0.000190271	0.0233137
0.428125	0.00019042	0.0233319
0.428906	0.000190569	0.0233502
0.429688	0.000190718	0.0233684
0.430469	0.000190867	0.0233867
0.43125	0.000191017	0.023405
0.432031	0.000191166	0.0234232
0.432813	0.000191315	0.0234416
0.433594	0.000191465	0.0234599
0.434375	0.000191615	0.0234782
0.435156	0.000191765	0.0234966
0.435938	0.000191915	0.0235149
0.436719	0.000192065	0.0235333
0.4375	0.000192215	0.0235517
0.438281	0.000192365	0.0235701
0.439063	0.000192516	0.0235885
0.439844	0.000192666	0.023607
0.440625	0.000192817	0.0236254
0.441406	0.000192968	0.0236439
0.442188	0.000193118	0.0236624
0.442969	0.000193269	0.0236808
0.44375	0.000193421	0.0236994
0.444531	0.000193572	0.0237179
0.445313	0.000193723	0.0237364
0.446094	0.000193875	0.023755
0.446875	0.000194026	0.0237735
0.447656	0.000194178	0.0237921
0.448438	0.00019433	0.0238107
0.449219	0.000194482	0.0238293
0.45	0.000194634	0.0238479
0.450781	0.000194786	0.0238666
0.451563	0.000194938	0.0238852
0.452344	0.000195091	0.0239039
0.453125	0.000195243	0.0239226
0.453906	0.000195396	0.0239413
0.454688	0.000195549	0.02396
0.455469	0.000195702	0.0239787
0.45625	0.000195855	0.0239975
0.457031	0.000196008	0.0240162
0.457813	0.000196161	0.024035
0.458594	0.000196314	0.0240538
0.459375	0.000196468	0.0240726
0.460156	0.000196621	0.0240914
0.460938	0.000196775	0.0241102
0.461719	0.000196929	0.024129
0.4625	0.000197083	0.0241479
0.463281	0.000197237	0.0241668
0.464063	0.000197391	0.0241857
0.464844	0.000197545	0.0242046
0.465625	0.0001977	0.0242235
0.466406	0.000197854	0.0242424
0.467188	0.000198009	0.0242614
0.467969	0.000198164	0.0242803
0.46875	0.000198319	0.0242993
0.469531	0.000198474	0.0243183
0.470313	0.000198629	0.0243373
0.471094	0.000198784	0.0243563
0.471875	0.00019894	0.0243754
0.472656	0.000199095	0.0243944
0.473438	0.000199251	0.0244135
0.474219	0.000199407	0.0244326
0.475	0.000199563	0.0244517
0.475781	0.000199719	0.0244708
0.476563	0.000199875	0.0244899
0.477344	0.000200031	0.024509
0.478125	0.000200187	0.0245282
0.478906	0.000200344	0.0245474
0.479688	0.0002005	0.0245665
0.480469	0.000200657	0.0245857
0.48125	0.000200814	0.024605
0.482031	0.000200971	0.0246242
0.482813	0.000201128	0.0246434
0.483594	0.000201285	0.0246627
0.484375	0.000201443	0.024682
0.485156	0.0002016	0.0247013
0.485938	0.000201758	0.0247206
0.486719	0.000201915	0.0247399
0.4875	0.000202073	0.0247592
0.488281	0.000202231	0.0247786
0.489063	0.000202389	0.0247979
0.489844	0.000202548	0.0248173
0.490625	0.000202706	0.0248367
0.491406	0.000202864	0.0248561
0.492188	0.000203023	0.0248755
0.492969	0.000203182	0.024895
0.49375	0.00020334	0.0249144
0.494531	0.000203499	0.0249339
0.495313	0.000203658	0.0249534
0.496094	0.000203818	0.0249729
0.496875	0.000203977	0.0249924
0.497656	0.000204136	0.025012
0.498438	0.000204296	0.0250315
0.499219	0.000204456	0.0250511
0.5	0.000204616	0.0250706
0.500781	0.000204775	0.0250902
0.501563	0.000204936	0.0251098
0.502344	0.000205096	0.0251295
0.503125	0.000205256	0.0251491
0.503906	0.000205416	0.0251688
0.504688	0.000205577	0.0251884
0.505469	0.000205738	0.0252081
0.50625	0.000205899	0.0252278
0.507031	0.000206059	0.0252475
0.507813	0.000206221	0.0252673
0.508594	0.000206382	0.025287
0.509375	0.000206543	0.0253068
0.510156	0.000206705	0.0253266
0.510938	0.000206866	0.0253464
0.511719	0.000207028	0.0253662
0.5125	0.00020719	0.025386
0.513281	0.000207352	0.0254058
0.514063	0.000207514	0.0254257
0.514844	0.000207676	0.0254456
0.515625	0.000207838	0.0254655
0.516406	0.000208001	0.0254854
0.517188	0.000208163	0.0255053
0.517969	0.000208326	0.0255252
0.51875	0.000208489	0.0255452
0.519531	0.000208652	0.0255651
0.520313	0.000208815	0.0255851
0.521094	0.000208978	0.0256051
0.521875	0.000209141	0.0256251
0.522656	0.000209305	0.0256451
0.523438	0.000209468	0.0256652
0.524219	0.000209632	0.0256852
0.525	0.000209796	0.0257053
0.525781	0.00020996	0.0257254
0.526563	0.000210124	0.0257455
0.527344	0.000210288	0.0257656
0.528125	0.000210453	0.0257858
0.528906	0.000210617	0.0258059
0.529688	0.000210782	0.0258261
0.530469	0.000210947	0.0258463
0.53125	0.000211111	0.0258665
0.532031	0.000211276	0.0258867
0.532813	0.000211442	0.0259069
0.533594	0.000211607	0.0259272
0.534375	0.000211772	0.0259474
0.535156	0.000211938	0.0259677
0.535938	0.000212103	0.025988
0.536719	0.000212269	0.0260083
0.5375	0.000212435	0.0260286
0.538281	0.000212601	0.026049
0.539063	0.000212767	0.0260693
0.539844	0.000212934	0.0260897
0.540625	0.0002131	0.0261101
0.541406	0.000213267	0.0261305
0.542188	0.000213433	0.0261509
0.542969	0.0002136	0.0261714
0.54375	0.000213767	0.0261918
0.544531	0.000213934	0.0262123
0.545313	0.000214101	0.0262328
0.546094	0.000214269	0.0262533
0.546875	0.000214436	0.0262738
0.547656	0.000214604	0.0262943
0.548438	0.000214772	0.0263149
0.549219	0.000214939	0.0263355
0.55	0.000215107	0.026356
0.550781	0.000215276	0.0263766
0.551563	0.000215444	0.0263973
0.552344	0.000215612	0.0264179
0.553125	0.000215781	0.0264385
0.553906	0.000215949	0.0264592
0.554688	0.000216118	0.0264799
0.555469	0.000216287	0.0265006
0.55625	0.000216456	0.0265213
0.557031	0.000216625	0.026542
0.557813	0.000216795	0.0265628
0.558594	0.000216964	0.0265835
0.559375	0.000217134	0.0266043
0.560156	0.000217303	0.0266251
0.560938	0.000217473	0.0266459
0.561719	0.000217643	0.0266667
0.5625	0.000217813	0.0266876
0.563281	0.000217983	0.0267084
0.564063	0.000218154	0.0267293
0.564844	0.000218324	0.0267502
0.565625	0.000218495	0.0267711
0.566406	0.000218666	0.026792
0.567188	0.000218837	0.026813
0.567969	0.000219008	0.0268339
0.56875	0.000219179	0.0268549
0.569531	0.00021935	0.0268759
0.570313	0.000219522	0.0268969
0.571094	0.000219693	0.0269179
0.571875	0.000219865	0.0269389
0.572656	0.000220037	0.02696
0.573438	0.000220209	0.0269811
0.574219	0.000220381	0.0270021
0.575	0.000220553	0.0270233
0.575781	0.000220725	0.0270444
0.576563	0.000220898	0.0270655
0.577344	0.000221071	0.0270867
0.578125	0.000221243	0.0271078
0.578906	0.000221416	0.027129
0.579688	0.000221589	0.0271502
0.580469	0.000221763	0.0271714
0.58125	0.000221936	0.0271927
0.582031	0.000222109	0.0272139
0.582813	0.000222283	0.0272352
0.583594	0.000222457	0.0272565
0.584375	0.000222631	0.0272778
0.585156	0.000222805	0.0272991
0.585938	0.000222979	0.0273204
0.586719	0.000223153	0.0273418
0.5875	0.000223327	0.0273632
0.588281	0.000223502	0.0273845
0.589062	0.000223677	0.027406
0.589844	0.000223851	0.0274274
0.590625	0.000224026	0.0274488
0.591406	0.000224201	0.0274703
0.592187	0.000224377	0.0274917
0.592969	0.000224552	0.0275132
0.59375	0.000224728	0.0275347
0.594531	0.000224903	0.0275562
0.595312	0.000225079	0.0275778
0.596094	0.000225255	0.0275993
0.596875	0.000225431	0.0276209
0.597656	0.000225607	0.0276425
0.598437	0.000225783	0.0276641
0.599219	0.00022596	0.0276857
0.6	0.000226137	0.0277073
0.600781	0.000226313	0.027729
0.601562	0.00022649	0.0277507
0.602344	0.000226667	0.0277724
0.603125	0.000226844	0.0277941
0.603906	0.000227022	0.0278158
0.604687	0.000227199	0.0278375
0.605469	0.000227377	0.0278593
0.60625	0.000227554	0.0278811
0.607031	0.000227732	0.0279029
0.607812	0.00022791	0.0279247
0.608594	0.000228088	0.0279465
0.609375	0.000228267	0.0279683
0.610156	0.000228445	0.0279902
0.610937	0.000228624	0.0280121
0.611719	0.000228802	0.028034
0.6125	0.000228981	0.0280559
0.613281	0.00022916	0.0280778
0.614062	0.000229339	0.0280997
0.614844	0.000229518	0.0281217
0.615625	0.000229698	0.0281437
0.616406	0.000229877	0.0281657
0.617187	0.000230057	0.0281877
0.617969	0.000230237	0.0282097
0.61875	0.000230417	0.0282318
0.619531	0.000230597	0.0282538
0.620312	0.000230777	0.0282759
0.621094	0.000230957	0.028298
0.621875	0.000231138	0.0283201
0.622656	0.000231319	0.0283423
0.623437	0.000231499	0.0283644
0.624219	0.00023168	0.0283866
0.625	0.000231861	0.0284088
0.625781	0.000232043	0.028431
0.626562	0.000232224	0.0284532
0.627344	0.000232405	0.0284754
0.628125	0.000232587	0.0284977
0.628906	0.000232769	0.02852
0.629687	0.000232951	0.0285422
0.630469	0.000233133	0.0285646
0.63125	0.000233315	0.0285869
0.632031	0.000233497	0.0286092
0.632812	0.00023368	0.0286316
0.633594	0.000233862	0.028654
0.634375	0.000234045	0.0286763
0.635156	0.000234228	0.0286988
0.635937	0.000234411	0.0287212
0.636719	0.000234594	0.0287436
0.6375	0.000234778	0.0287661
0.638281	0.000234961	0.0287886
0.639062	0.000235145	0.0288111
0.639844	0.000235329	0.0288336
0.640625	0.000235513	0.0288561
0.641406	0.000235697	0.0288787
0.642187	0.000235881	0.0289013
0.642969	0.000236065	0.0289238
0.64375	0.00023625	0.0289465
0.644531	0.000236434	0.0289691
0.645312	0.000236619	0.0289917
0.646094	0.000236804	0.0290144
0.646875	0.000236989	0.0290371
0.647656	0.000237174	0.0290597
0.648437	0.00023736	0.0290825
0.649219	0.000237545	0.0291052
0.65	0.000237731	0.0291279
0.650781	0.000237917	0.0291507
0.651562	0.000238103	0.0291735
0.652344	0.000238289	0.0291963
0.653125	0.000238475	0.0292191
0.653906	0.000238661	0.0292419
0.654687	0.000238848	0.0292648
0.655469	0.000239035	0.0292877
0.65625	0.000239221	0.0293106
0.657031	0.000239408	0.0293335
0.657812	0.000239596	0.0293564
0.658594	0.000239783	0.0293793
0.659375	0.00023997	0.0294023
0.660156	0.000240158	0.0294253
0.660937	0.000240345	0.0294483
0.661719	0.000240533	0.0294713
0.6625	0.000240721	0.0294943
0.663281	0.000240909	0.0295174
0.664062	0.000241098	0.0295404
0.664844	0.000241286	0.0295635
0.665625	0.000241475	0.0295866
0.666406	0.000241663	0.0296098
0.667187	0.000241852	0.0296329
0.667969	0.000242041	0.0296561
0.66875	0.00024223	0.0296792
0.669531	0.00024242	0.0297024
0.670312	0.000242609	0.0297256
0.671094	0.000242799	0.0297489
0.671875	0.000242989	0.0297721
0.672656	0.000243179	0.0297954
0.673437	0.000243369	0.0298187
0.674219	0.000243559	0.029842
0.675	0.000243749	0.0298653
0.675781	0.00024394	0.0298887
0.676562	0.00024413	0.029912
0.677344	0.000244321	0.0299354
0.678125	0.000244512	0.0299588
0.678906	0.000244703	0.0299822
0.679687	0.000244894	0.0300056
0.680469	0.000245086	0.0300291
0.68125	0.000245277	0.0300526
0.682031	0.000245469	0.030076
0.682812	0.000245661	0.0300995
0.683594	0.000245853	0.0301231
0.684375	0.000246045	0.0301466
0.685156	0.000246237	0.0301702
0.685937	0.00024643	0.0301938
0.686719	0.000246622	0.0302174
0.6875	0.000246815	0.030241
0.688281	0.000247008	0.0302646
0.689062	0.000247201	0.0302883
0.689844	0.000247394	0.0303119
0.690625	0.000247588	0.0303356
0.691406	0.000247781	0.0303593
0.692187	0.000247975	0.0303831
0.692969	0.000248169	0.0304068
0.69375	0.000248363	0.0304306
0.694531	0.000248557	0.0304544
0.695312	0.000248751	0.0304782
0.696094	0.000248945	0.030502
0.696875	0.00024914	0.0305258
0.697656	0.000249335	0.0305497
0.698437	0.00024953	0.0305735
0.699219	0.000249725	0.0305974
0.7	0.00024992	0.0306214
0.700781	0.000250115	0.0306453
0.701562	0.000250311	0.0306692
0.702344	0.000250506	0.0306932
0.703125	0.000250702	0.0307172
0.703906	0.000250898	0.0307412
0.704687	0.000251094	0.0307652
0.705469	0.00025129	0.0307893
0.70625	0.000251487	0.0308133
0.707031	0.000251683	0.0308374
0.707812	0.00025188	0.0308615
0.708594	0.000252077	0.0308856
0.709375	0.000252274	0.0309098
0.710156	0.000252471	0.0309339
0.710937	0.000252668	0.0309581
0.711719	0.000252866	0.0309823
0.7125	0.000253063	0.0310065
0.713281	0.000253261	0.0310308
0.714062	0.000253459	0.031055
0.714844	0.000253657	0.0310793
0.715625	0.000253855	0.0311036
0.716406	0.000254054	0.0311279
0.717187	0.000254252	0.0311522
0.717969	0.000254451	0.0311766
0.71875	0.00025465	0.0312009
0.719531	0.000254849	0.0312253
0.720312	0.000255048	0.0312497
0.721094	0.000255247	0.0312741
0.721875	0.000255447	0.0312986
0.722656	0.000255647	0.031323
0.723437	0.000255846	0.0313475
0.724219	0.000256046	0.031372
0.725	0.000256246	0.0313965
0.725781	0.000256447	0.0314211
0.726562	0.000256647	0.0314456
0.727344	0.000256848	0.0314702
0.728125	0.000257049	0.0314948
0.728906	0.000257249	0.0315194
0.729687	0.00025745	0.0315441
0.730469	0.000257652	0.0315687
0.73125	0.000257853	0.0315934
0.732031	0.000258055	0.0316181
0.732812	0.000258256	0.0316428
0.733594	0.000258458	0.0316675
0.734375	0.00025866	0.0316923
0.735156	0.000258862	0.031717
0.735937	0.000259065	0.0317418
0.736719	0.000259267	0.0317666
0.7375	0.00025947	0.0317915
0.738281	0.000259672	0.0318163
0.739062	0.000259875	0.0318412
0.739844	0.000260079	0.0318661
0.740625	0.000260282	0.031891
0.741406	0.000260485	0.0319159
0.742187	0.000260689	0.0319408
0.742969	0.000260893	0.0319658
0.74375	0.000261096	0.0319908
0.744531	0.000261301	0.0320158
0.745312	0.000261505	0.0320408
0.746094	0.000261709	0.0320658
0.746875	0.000261914	0.0320909
0.747656	0.000262118	0.032116
0.748437	0.000262323	0.0321411
0.749219	0.000262528	0.0321662
0.75	0.000262733	0.0321913
0.750781	0.000262939	0.0322165
0.751562	0.000263144	0.0322417
0.752344	0.00026335	0.0322669
0.753125	0.000263556	0.0322921
0.753906	0.000263762	0.0323173
0.754687	0.000263968	0.0323426
0.755469	0.000264174	0.0323679
0.75625	0.000264381	0.0323932
0.757031	0.000264587	0.0324185
0.757812	0.000264794	0.0324438
0.758594	0.000265001	0.0324692
0.759375	0.000265208	0.0324946
0.760156	0.000265415	0.03252
0.760937	0.000265623	0.0325454
0.761719	0.00026583	0.0325708
0.7625	0.000266038	0.0325963
0.763281	0.000266246	0.0326217
0.764062	0.000266454	0.0326472
0.764844	0.000266662	0.0326728
0.765625	0.000266871	0.0326983
0.766406	0.000267079	0.0327238
0.767187	0.000267288	0.0327494
0.767969	0.000267497	0.032775
0.76875	0.000267706	0.0328006
0.769531	0.000267915	0.0328263
0.770312	0.000268125	0.0328519
0.771094	0.000268334	0.0328776
0.771875	0.000268544	0.0329033
0.772656	0.000268754	0.032929
0.773437	0.000268964	0.0329547
0.774219	0.000269174	0.0329805
0.775	0.000269385	0.0330063
0.775781	0.000269595	0.0330321
0.776562	0.000269806	0.0330579
0.777344	0.000270017	0.0330837
0.778125	0.000270228	0.0331096
0.778906	0.000270439	0.0331355
0.779687	0.00027065	0.0331614
0.780469	0.000270862	0.0331873
0.78125	0.000271073	0.0332132
0.782031	0.000271285	0.0332392
0.782812	0.000271497	0.0332651
0.783594	0.00027171	0.0332911
0.784375	0.000271922	0.0333172
0.785156	0.000272134	0.0333432
0.785937	0.000272347	0.0333693
0.786719	0.00027256	0.0333953
0.7875	0.000272773	0.0334214
0.788281	0.000272986	0.0334476
0.789062	0.0002732	0.0334737
0.789844	0.000273413	0.0334999
0.790625	0.000273627	0.033526
0.791406	0.000273841	0.0335523
0.792187	0.000274055	0.0335785
0.792969	0.000274269	0.0336047
0.79375	0.000274483	0.033631
0.794531	0.000274698	0.0336573
0.795312	0.000274912	0.0336836
0.796094	0.000275127	0.0337099
0.796875	0.000275342	0.0337362
0.797656	0.000275557	0.0337626
0.798437	0.000275773	0.033789
0.799219	0.000275988	0.0338154
0.8	0.000276204	0.0338418
0.800781	0.00027642	0.0338683
0.801562	0.000276636	0.0338948
0.802344	0.000276852	0.0339212
0.803125	0.000277069	0.0339478
0.803906	0.000277285	0.0339743
0.804687	0.000277502	0.0340008
0.805469	0.000277719	0.0340274
0.80625	0.000277936	0.034054
0.807031	0.000278153	0.0340806
0.807812	0.00027837	0.0341073
0.808594	0.000278588	0.0341339
0.809375	0.000278806	0.0341606
0.810156	0.000279024	0.0341873
0.810937	0.000279242	0.034214
0.811719	0.00027946	0.0342407
0.8125	0.000279678	0.0342675
0.813281	0.000279897	0.0342943
0.814062	0.000280116	0.0343211
0.814844	0.000280335	0.0343479
0.815625	0.000280554	0.0343748
0.816406	0.000280773	0.0344016
0.817187	0.000280992	0.0344285
0.817969	0.000281212	0.0344554
0.81875	0.000281432	0.0344824
0.819531	0.000281652	0.0345093
0.820312	0.000281872	0.0345363
0.821094	0.000282092	0.0345633
0.821875	0.000282313	0.0345903
0.822656	0.000282533	0.0346173
0.823437	0.000282754	0.0346444
0.824219	0.000282975	0.0346714
0.825	0.000283196	0.0346985
0.825781	0.000283418	0.0347257
0.826562	0.000283639	0.0347528
0.827344	0.000283861	0.03478
0.828125	0.000284083	0.0348071
0.828906	0.000284305	0.0348343
0.829687	0.000284527	0.0348616
0.830469	0.000284749	0.0348888
0.83125	0.000284972	0.0349161
0.832031	0.000285194	0.0349434
0.832812	0.000285417	0.0349707
0.833594	0.00028564	0.034998
0.834375	0.000285864	0.0350254
0.835156	0.000286087	0.0350527
0.835937	0.000286311	0.0350801
0.836719	0.000286534	0.0351076
0.8375	0.000286758	0.035135
0.838281	0.000286982	0.0351625
0.839062	0.000287207	0.0351899
0.839844	0.000287431	0.0352174
0.840625	0.000287656	0.035245
0.841406	0.000287881	0.0352725
0.842187	0.000288106	0.0353001
0.842969	0.000288331	0.0353277
0.84375	0.000288556	0.0353553
0.844531	0.000288782	0.0353829
0.845312	0.000289007	0.0354106
0.846094	0.000289233	0.0354382
0.846875	0.000289459	0.0354659
0.847656	0.000289686	0.0354937
0.848437	0.000289912	0.0355214
0.849219	0.000290139	0.0355492
0.85	0.000290365	0.0355769
0.850781	0.000290592	0.0356047
0.851562	0.000290819	0.0356326
0.852344	0.000291047	0.0356604
0.853125	0.000291274	0.0356883
0.853906	0.000291502	0.0357162
0.854687	0.00029173	0.0357441
0.855469	0.000291958	0.035772
0.85625	0.000292186	0.0358
0.857031	0.000292414	0.035828
0.857812	0.000292643	0.035856
0.858594	0.000292871	0.035884
0.859375	0.0002931	0.035912
0.860156	0.000293329	0.0359401
0.860937	0.000293559	0.0359682
0.861719	0.000293788	0.0359963
0.8625	0.000294018	0.0360244
0.863281	0.000294247	0.0360526
0.864062	0.000294477	0.0360808
0.864844	0.000294708	0.036109
0.865625	0.000294938	0.0361372
0.866406	0.000295168	0.0361654
0.867187	0.000295399	0.0361937
0.867969	0.00029563	0.036222
0.86875	0.000295861	0.0362503
0.869531	0.000296092	0.0362786
0.870312	0.000296324	0.036307
0.871094	0.000296555	0.0363354
0.871875	0.000296787	0.0363638
0.872656	0.000297019	0.0363922
0.873437	0.000297251	0.0364206
0.874219	0.000297483	0.0364491
0.875	0.000297716	0.0364776
0.875781	0.000297949	0.0365061
0.876562	0.000298182	0.0365346
0.877344	0.000298415	0.0365632
0.878125	0.000298648	0.0365917
0.878906	0.000298881	0.0366203
0.879687	0.000299115	0.036649
0.880469	0.000299349	0.0366776
0.88125	0.000299583	0.0367063
0.882031	0.000299817	0.036735
0.882812	0.000300051	0.0367637
0.883594	0.000300285	0.0367924
0.884375	0.00030052	0.0368212
0.885156	0.000300755	0.0368499
0.885937	0.00030099	0.0368787
0.886719	0.000301225	0.0369076
0.8875	0.000301461	0.0369364
0.888281	0.000301696	0.0369653
0.889062	0.000301932	0.0369942
0.889844	0.000302168	0.0370231
0.890625	0.000302404	0.037052
0.891406	0.000302641	0.037081
0.892187	0.000302877	0.03711
0.892969	0.000303114	0.037139
0.89375	0.000303351	0.037168
0.894531	0.000303588	0.037197
0.895312	0.000303825	0.0372261
0.896094	0.000304063	0.0372552
0.896875	0.0003043	0.0372843
0.897656	0.000304538	0.0373135
0.898437	0.000304776	0.0373426
0.899219	0.000305014	0.0373718
0.9	0.000305253	0.037401
0.900781	0.000305491	0.0374302
0.901562	0.00030573	0.0374595
0.902344	0.000305969	0.0374888
0.903125	0.000306208	0.0375181
0.903906	0.000306447	0.0375474
0.904687	0.000306687	0.0375767
0.905469	0.000306927	0.0376061
0.90625	0.000307166	0.0376355
0.907031	0.000307407	0.0376649
0.907812	0.000307647	0.0376943
0.908594	0.000307887	0.0377238
0.909375	0.000308128	0.0377533
0.910156	0.000308369	0.0377828
0.910937	0.00030861	0.0378123
0.911719	0.000308851	0.0378419
0.9125	0.000309092	0.0378715
0.913281	0.000309334	0.0379011
0.914062	0.000309576	0.0379307
0.914844	0.000309818	0.0379603
0.915625	0.00031006	0.03799
0.916406	0.000310302	0.0380197
0.917187	0.000310545	0.0380494
0.917969	0.000310787	0.0380791
0.91875	0.00031103	0.0381089
0.919531	0.000311273	0.0381387
0.920312	0.000311517	0.0381685
0.921094	0.00031176	0.0381983
0.921875	0.000312004	0.0382282
0.922656	0.000312248	0.038258
0.923437	0.000312492	0.0382879
0.924219	0.000312736	0.0383179
0.925	0.00031298	0.0383478
0.925781	0.000313225	0.0383778
0.926562	0.00031347	0.0384078
0.927344	0.000313715	0.0384378
0.928125	0.00031396	0.0384678
0.928906	0.000314205	0.0384979
0.929687	0.000314451	0.038528
0.930469	0.000314696	0.0385581
0.93125	0.000314942	0.0385882
0.932031	0.000315189	0.0386184
0.932812	0.000315435	0.0386486
0.933594	0.000315681	0.0386788
0.934375	0.000315928	0.038709
0.935156	0.000316175	0.0387393
0.935937	0.000316422	0.0387696
0.936719	0.00031667	0.0387999
0.9375	0.000316917	0.0388302
0.938281	0.000317165	0.0388605
0.939062	0.000317413	0.0388909
0.939844	0.000317661	0.0389213
0.940625	0.000317909	0.0389517
0.941406	0.000318157	0.0389822
0.942187	0.000318406	0.0390126
0.942969	0.000318655	0.0390431
0.94375	0.000318904	0.0390736
0.944531	0.000319153	0.0391042
0.945312	0.000319403	0.0391347
0.946094	0.000319652	0.0391653
0.946875	0.000319902	0.0391959
0.947656	0.000320152	0.0392266
0.948437	0.000320402	0.0392572
0.949219	0.000320653	0.0392879
0.95	0.000320903	0.0393186
0.950781	0.000321154	0.0393493
0.951562	0.000321405	0.0393801
0.952344	0.000321656	0.0394109
0.953125	0.000321908	0.0394417
0.953906	0.000322159	0.0394725
0.954687	0.000322411	0.0395033
0.955469	0.000322663	0.0395342
0.95625	0.000322915	0.0395651
0.957031	0.000323168	0.039596
0.957812	0.00032342	0.039627
0.958594	0.000323673	0.039658
0.959375	0.000323926	0.0396889
0.960156	0.000324179	0.03972
0.960937	0.000324432	0.039751
0.961719	0.000324686	0.0397821
0.9625	0.00032494	0.0398132
0.963281	0.000325194	0.0398443
0.964062	0.000325448	0.0398754
0.964844	0.000325702	0.0399066
0.965625	0.000325957	0.0399378
0.966406	0.000326212	0.039969
0.967187	0.000326467	0.0400002
0.967969	0.000326722	0.0400315
0.96875	0.000326977	0.0400628
0.969531	0.000327233	0.0400941
0.970312	0.000327488	0.0401254
0.971094	0.000327744	0.0401568
0.971875	0.000328	0.0401882
0.972656	0.000328257	0.0402196
0.973437	0.000328513	0.040251
0.974219	0.00032877	0.0402825
0.975	0.000329027	0.040314
0.975781	0.000329284	0.0403455
0.976562	0.000329542	0.040377
0.977344	0.000329799	0.0404086
0.978125	0.000330057	0.0404401
0.978906	0.000330315	0.0404717
0.979687	0.000330573	0.0405034
0.980469	0.000330831	0.040535
0.98125	0.00033109	0.0405667
0.982031	0.000331349	0.0405984
0.982812	0.000331608	0.0406301
0.983594	0.000331867	0.0406619
0.984375	0.000332126	0.0406937
0.985156	0.000332386	0.0407255
0.985937	0.000332646	0.0407573
0.986719	0.000332905	0.0407892
0.9875	0.000333166	0.040821
0.988281	0.000333426	0.0408529
0.989062	0.000333687	0.0408849
0.989844	0.000333947	0.0409168
0.990625	0.000334208	0.0409488
0.991406	0.00033447	0.0409808
0.992187	0.000334731	0.0410128
0.992969	0.000334993	0.0410449
0.99375	0.000335254	0.041077
0.994531	0.000335517	0.0411091
0.995312	0.000335779	0.0411412
0.996094	0.000336041	0.0411734
0.996875	0.000336304	0.0412055
0.997656	0.000336567	0.0412377
0.998437	0.00033683	0.04127
0.999219	0.000337093	0.0413022
1	0.000337356	0.0413345
