0
0
0
0
0
0
0
0
0
0
0
0
0
0
0
0
0
0
0
0
0
0
0
0
0
0
0
0
0
0
0
0
0
0
0
0
0
0
0
0
0
0
0
0
0
0
0
0
0
0
0
0
0
0
0
0
0
0
0
0
0
0
0
0
0
0
0.00264965
0.00556302
0.0087511
0.0122253
0.0159972
0.020078
0.0244789
0.0292102
0.0342822
0.0397041
0.0454846
0.0516314
0.0581509
0.0650488
0.072329
0.0799942
0.0880452
0.0964811
0.105299
0.114493
0.124057
0.133979
0.144246
0.154843
0.165749
0.176941
0.188393
0.200072
0.211943
0.223966
0.236096
0.248283
0.260469
0.272595
0.284592
0.296386
0.307897
0.319037
0.329711
0.339817
0.349246
0.357879
0.365592
0.372249
0.377708
0.381818
0.384418
0.385341
0.384406
0.381429
0.376212
0.368551
0.358232
0.345032
0.328722
0.309061
0.285802
0.258692
0.227469
0.191864
0.151602
0.106401
0.0559697
0
0
0.00556302
0.0116773
0.0183671
0.0256569
0.0335709
0.042133
0.0513663
0.061293
0.0719342
0.0833096
0.0954371
0.108333
0.122011
0.136482
0.151756
0.167837
0.184728
0.202426
0.220925
0.240214
0.260277
0.281093
0.302633
0.324863
0.347743
0.371222
0.395245
0.419746
0.44465
0.469872
0.495318
0.520882
0.546448
0.571884
0.59705
0.621791
0.645936
0.669303
0.691693
0.712891
0.732667
0.750775
0.76695
0.780911
0.792358
0.800975
0.806425
0.808353
0.806387
0.800134
0.789183
0.773104
0.751449
0.723751
0.689526
0.648273
0.599474
0.542596
0.477089
0.402393
0.317931
0.223115
0.117343
0
0
0.0087511
0.0183671
0.028887
0.0403497
0.0527935
0.066256
0.0807735
0.0963811
0.113112
0.130997
0.150064
0.17034
0.191844
0.214597
0.23861
0.263893
0.290448
0.318273
0.347357
0.377683
0.409226
0.441951
0.475815
0.510765
0.546735
0.583648
0.621415
0.659933
0.699085
0.738737
0.77874
0.818929
0.859119
0.899107
0.938669
0.977561
1.01552
1.05225
1.08745
1.12077
1.15185
1.18031
1.20574
1.22768
1.24567
1.25921
1.26777
1.27079
1.26769
1.25785
1.24063
1.21534
1.18128
1.13773
1.08391
1.01905
0.942323
0.852896
0.749907
0.632474
0.499695
0.350649
0.184401
0
0
0.0122253
0.0256569
0.0403497
0.0563584
0.0737366
0.092537
0.11281
0.134606
0.15797
0.182945
0.209571
0.237884
0.267913
0.299685
0.333217
0.368522
0.405603
0.444457
0.485069
0.527415
0.571461
0.617157
0.664444
0.713245
0.763472
0.815015
0.86775
0.921533
0.976201
1.03157
1.08742
1.14354
1.19966
1.25549
1.31073
1.36503
1.41803
1.46931
1.51845
1.56497
1.60837
1.64811
1.6836
1.71423
1.73934
1.75824
1.77018
1.77439
1.77005
1.7563
1.73224
1.69691
1.64935
1.58852
1.51337
1.42279
1.31564
1.19077
1.04696
0.882984
0.697592
0.489499
0.257406
0
0
0.0159972
0.0335709
0.0527935
0.0737366
0.0964707
0.121065
0.147585
0.176096
0.206659
0.239329
0.274158
0.311194
0.350475
0.392034
0.435897
0.482077
0.530582
0.581405
0.634527
0.689918
0.747531
0.807303
0.869156
0.93299
0.998686
1.06611
1.13508
1.20543
1.27694
1.34936
1.42241
1.49581
1.56921
1.64224
1.71449
1.78551
1.85483
1.9219
1.98617
2.04702
2.10378
2.15574
2.20216
2.24221
2.27505
2.29975
2.31536
2.32086
2.31517
2.29717
2.26568
2.21946
2.15724
2.07766
1.97935
1.86085
1.7207
1.55736
1.36925
1.15478
0.9123
0.640142
0.336612
0
0
0.020078
0.042133
0.066256
0.092537
0.121065
0.151926
0.185204
0.220979
0.259328
0.300321
0.344023
0.390493
0.43978
0.491926
0.546962
0.604906
0.665765
0.729533
0.796187
0.865686
0.937973
1.01297
1.09057
1.17067
1.25309
1.33768
1.42423
1.51249
1.60221
1.69307
1.78473
1.87682
1.96891
2.06053
2.15117
2.24028
2.32724
2.4114
2.49203
2.56836
2.63956
2.70476
2.76298
2.81322
2.85441
2.88539
2.90497
2.91185
2.9047
2.8821
2.84258
2.78458
2.70649
2.60663
2.48327
2.33459
2.15874
1.95379
1.71778
1.4487
1.14448
0.803043
0.422262
0
0
0.0244789
0.0513663
0.0807735
0.11281
0.147585
0.185204
0.225767
0.269375
0.316119
0.366086
0.419355
0.475997
0.536073
0.599633
0.666714
0.737341
0.811521
0.889245
0.970487
1.0552
1.1433
1.23471
1.3293
1.42692
1.52739
1.63049
1.73597
1.84355
1.9529
2.06364
2.17536
2.2876
2.39983
2.5115
2.62198
2.73058
2.83656
2.93913
3.03739
3.13042
3.2172
3.29665
3.3676
3.42883
3.47902
3.51677
3.54061
3.54898
3.54025
3.51269
3.46451
3.3938
3.29861
3.17689
3.02652
2.84529
2.63095
2.38115
2.0935
1.76554
1.39477
0.97865
0.514593
0
0
0.0292102
0.061293
0.0963811
0.134606
0.176096
0.220979
0.269375
0.321402
0.37717
0.436784
0.500336
0.567912
0.639585
0.715414
0.795444
0.879703
0.968201
1.06093
1.15785
1.25891
1.36402
1.47307
1.58592
1.70237
1.82223
1.94523
2.07107
2.19941
2.32985
2.46196
2.59524
2.72914
2.86303
2.99624
3.12803
3.25759
3.38402
3.50637
3.62359
3.73456
3.83808
3.93284
4.01748
4.09051
4.15037
4.19539
4.22382
4.2338
4.22336
4.19047
4.13297
4.0486
3.93503
3.7898
3.6104
3.39419
3.13848
2.84047
2.49731
2.10608
1.66378
1.16739
0.61383
0
0
0.0342822
0.0719342
0.113112
0.15797
0.206659
0.259328
0.316119
0.37717
0.442612
0.512564
0.587139
0.666435
0.750537
0.839516
0.933424
1.03229
1.13614
1.24494
1.35867
1.47726
1.60059
1.72855
1.86096
1.99761
2.13825
2.28257
2.43023
2.58082
2.73388
2.88889
3.04528
3.20238
3.35948
3.51579
3.67042
3.82243
3.97078
4.11433
4.25186
4.38206
4.50352
4.6147
4.714
4.79968
4.8699
4.92272
4.95606
4.96775
4.95549
4.91688
4.84939
4.75038
4.6171
4.44669
4.23617
3.98247
3.68241
3.33274
2.93009
2.47104
1.95208
1.36967
0.720184
0
0
0.0397041
0.0833096
0.130997
0.182945
0.239329
0.300321
0.366086
0.436784
0.512564
0.593569
0.679925
0.771747
0.869135
0.97217
1.08091
1.1954
1.31565
1.44164
1.57333
1.71064
1.85346
2.00163
2.15495
2.31318
2.47603
2.64315
2.81412
2.98849
3.16572
3.34522
3.52629
3.7082
3.89011
4.0711
4.25015
4.42616
4.59792
4.76414
4.92338
5.07413
5.21476
5.34349
5.45846
5.55765
5.63895
5.70009
5.73868
5.7522
5.73799
5.69327
5.6151
5.50044
5.3461
5.14876
4.90498
4.61121
4.26376
3.85887
3.39264
2.86111
2.26022
1.58586
0.833854
0
0
0.0454846
0.0954371
0.150064
0.209571
0.274158
0.344023
0.419355
0.500336
0.587139
0.679925
0.77884
0.884016
0.995567
1.11358
1.23814
1.36928
1.50701
1.65132
1.80216
1.95944
2.12302
2.29273
2.46835
2.64959
2.83611
3.02752
3.22335
3.42307
3.62607
3.83166
4.03906
4.24741
4.45576
4.66305
4.86813
5.06972
5.26645
5.45682
5.63921
5.81187
5.97292
6.12036
6.25203
6.36563
6.45873
6.52874
6.57293
6.5884
6.57211
6.52086
6.43132
6.29997
6.12318
5.89713
5.6179
5.28141
4.88345
4.41969
3.88569
3.27689
2.58867
1.8163
0.95502
0
0
0.0516314
0.108333
0.17034
0.237884
0.311194
0.390493
0.475997
0.567912
0.666435
0.771747
0.884016
1.00339
1.13
1.26395
1.40532
1.55416
1.71048
1.87427
2.04547
2.22397
2.40964
2.60226
2.80157
3.00727
3.21897
3.43621
3.65847
3.88514
4.11553
4.34886
4.58425
4.82072
5.05718
5.29244
5.52519
5.75398
5.97725
6.1933
6.40029
6.59624
6.77902
6.94634
7.09576
7.22468
7.33033
7.40978
7.45991
7.47745
7.45894
7.40077
7.29912
7.15004
6.94937
6.6928
6.37588
5.99397
5.5423
5.01596
4.4099
3.71896
2.93788
2.06132
1.08384
0
0
0.0581509
0.122011
0.191844
0.267913
0.350475
0.43978
0.536073
0.639585
0.750537
0.869135
0.995567
1.13
1.27258
1.42343
1.58263
1.75024
1.92628
2.11073
2.30352
2.50454
2.71362
2.93053
3.15498
3.38662
3.62501
3.86965
4.11994
4.37519
4.63464
4.89739
5.16246
5.42874
5.69502
5.95994
6.22203
6.47967
6.73108
6.97437
7.20745
7.4281
7.63392
7.82233
7.99058
8.13574
8.2547
8.34414
8.40058
8.42031
8.39946
8.33393
8.21945
8.05155
7.82556
7.53663
7.17973
6.74966
6.24103
5.64831
4.96583
4.18778
3.30823
2.32116
1.22046
0
0
0.0650488
0.136482
0.214597
0.299685
0.392034
0.491926
0.599633
0.715414
0.839516
0.97217
1.11358
1.26395
1.42343
1.59215
1.77021
1.95768
2.15458
2.36089
2.57652
2.80136
3.03521
3.27782
3.52887
3.78795
4.05458
4.3282
4.60814
4.89364
5.18381
5.47769
5.77416
6.07198
6.3698
6.66611
6.95924
7.24739
7.52858
7.80068
8.06136
8.30814
8.53833
8.74904
8.93721
9.09956
9.23259
9.33262
9.39572
9.41778
9.39443
9.32113
9.19307
9.00526
8.75248
8.42931
8.03013
7.54909
6.9802
6.31727
5.55395
4.68374
3.70001
2.59604
1.36499
0
0
0.072329
0.151756
0.23861
0.333217
0.435897
0.546962
0.666714
0.795444
0.933424
1.08091
1.23814
1.40532
1.58263
1.77021
1.96819
2.17662
2.39553
2.6249
2.86464
3.11461
3.37461
3.64434
3.92345
4.21149
4.50793
4.81214
5.12337
5.44078
5.76339
6.09011
6.41972
6.75083
7.08193
7.41135
7.73724
8.05759
8.37021
8.67271
8.96253
9.23688
9.49278
9.72704
9.93622
10.1167
10.2646
10.3758
10.4459
10.4704
10.4445
10.3629
10.2205
10.0117
9.73068
9.37138
8.92756
8.39275
7.76027
7.02324
6.1746
5.20714
4.11347
2.88613
1.51752
0
0
0.0799942
0.167837
0.263893
0.368522
0.482077
0.604906
0.737341
0.879703
1.03229
1.1954
1.36928
1.55416
1.75024
1.95768
2.17662
2.40711
2.6492
2.90286
3.16798
3.44441
3.73193
4.03021
4.33887
4.6574
4.98523
5.32163
5.66581
6.01681
6.37357
6.73487
7.09936
7.46552
7.83166
8.19594
8.55632
8.91057
9.25627
9.59078
9.91126
10.2146
10.4976
10.7567
10.988
11.1875
11.3511
11.474
11.5516
11.5786
11.5499
11.4597
11.3023
11.0713
10.7605
10.3632
9.87236
9.28094
8.58151
7.76647
6.82801
5.75815
4.54875
3.19152
1.67809
0
0
0.0880452
0.184728
0.290448
0.405603
0.530582
0.665765
0.811521
0.968201
1.13614
1.31565
1.50701
1.71048
1.92628
2.15458
2.39553
2.6492
2.91563
3.19479
3.48657
3.79079
4.10722
4.43549
4.77518
5.12573
5.48651
5.85673
6.23551
6.62179
7.01441
7.41203
7.81316
8.21612
8.61907
9.01996
9.41656
9.80642
10.1869
10.555
10.9077
11.2415
11.5529
11.838
12.0926
12.3122
12.4921
12.6274
12.7127
12.7425
12.7109
12.6116
12.4383
12.1841
11.8421
11.4048
10.8646
10.2137
9.444
8.54703
7.51424
6.33685
5.00589
3.51226
1.84673
0
0
0.0964811
0.202426
0.318273
0.444457
0.581405
0.729533
0.889245
1.06093
1.24494
1.44164
1.65132
1.87427
2.11073
2.36089
2.6249
2.90286
3.19479
3.50066
3.82037
4.15372
4.50042
4.86012
5.23231
5.61642
6.01173
6.41738
6.83241
7.25566
7.68585
8.12152
8.56104
9.00256
9.44406
9.88332
10.3179
10.745
11.1619
11.5652
11.9516
12.3174
12.6586
12.971
13.2499
13.4905
13.6876
13.8358
13.9293
13.9619
13.9272
13.8185
13.6286
13.3501
12.9752
12.4961
11.9042
11.191
10.3476
9.36483
8.23321
6.94316
5.48485
3.84831
2.02342
0
0
0.105299
0.220925
0.347357
0.485069
0.634527
0.796187
0.970487
1.15785
1.35867
1.57333
1.80216
2.04547
2.30352
2.57652
2.86464
3.16798
3.48657
3.82037
4.16927
4.53305
4.91141
5.30394
5.71012
6.1293
6.56069
7.00338
7.45629
7.91818
8.38764
8.86309
9.34272
9.82454
10.3063
10.7857
11.2599
11.726
12.1809
12.6211
13.0428
13.442
13.8143
14.1551
14.4595
14.722
14.9372
15.0989
15.2009
15.2365
15.1986
15.0799
14.8726
14.5686
14.1596
13.6367
12.9908
12.2125
11.2921
10.2196
8.98466
7.57686
5.98544
4.19953
2.20809
0
0
0.114493
0.240214
0.377683
0.527415
0.689918
0.865686
1.0552
1.25891
1.47726
1.71064
1.95944
2.22397
2.50454
2.80136
3.11461
3.44441
3.79079
4.15372
4.53305
4.92856
5.33993
5.7667
6.20831
6.66405
7.13307
7.61437
8.10678
8.60896
9.11937
9.63627
10.1577
10.6816
11.2054
11.7266
12.2421
12.7489
13.2435
13.722
14.1805
14.6144
15.0192
15.3898
15.7206
16.0061
16.24
16.4158
16.5266
16.5653
16.5241
16.395
16.1697
15.8392
15.3945
14.8259
14.1237
13.2775
12.2768
11.1108
9.76815
8.23756
6.50737
4.56572
2.40063
0
0
0.124057
0.260277
0.409226
0.571461
0.747531
0.937973
1.1433
1.36402
1.60059
1.85346
2.12302
2.40964
2.71362
3.03521
3.37461
3.73193
4.10722
4.50042
4.91141
5.33993
5.78562
6.24801
6.72646
7.22023
7.72838
8.24984
8.78334
9.32741
9.88041
10.4404
11.0054
11.573
12.1405
12.7051
13.2637
13.8127
14.3485
14.867
15.3637
15.8339
16.2724
16.6739
17.0323
17.3416
17.5949
17.7854
17.9055
17.9474
17.9027
17.7629
17.5187
17.1606
16.6788
16.0628
15.3019
14.3852
13.301
12.0376
10.583
8.92473
7.0502
4.94658
2.60088
0
0
0.133979
0.281093
0.441951
0.617157
0.807303
1.01297
1.23471
1.47307
1.72855
2.00163
2.29273
2.60226
2.93053
3.27782
3.64434
4.03021
4.43549
4.86012
5.30394
5.7667
6.24801
6.74733
7.26402
7.79723
8.34599
8.90911
9.48523
10.0728
10.6699
11.2747
11.8848
12.4977
13.1106
13.7203
14.3235
14.9164
15.495
16.0549
16.5912
17.099
17.5725
18.006
18.3931
18.727
19.0006
19.2063
19.336
19.3812
19.3329
19.1819
18.9181
18.5315
18.0111
17.3459
16.5243
15.5342
14.3634
12.9992
11.4283
9.6376
7.61333
5.34168
2.80862
0
0
0.144246
0.302633
0.475815
0.664444
0.869156
1.09057
1.3293
1.58592
1.86096
2.15495
2.46835
2.80157
3.15498
3.52887
3.92345
4.33887
4.77518
5.23231
5.71012
6.20831
6.72646
7.26402
7.82026
8.39429
8.98506
9.59129
10.2115
10.844
11.4869
12.138
12.7948
13.4546
14.1143
14.7707
15.4201
16.0584
16.6813
17.284
17.8614
18.408
18.9178
19.3844
19.8011
20.1606
20.4551
20.6765
20.8161
20.8648
20.8128
20.6502
20.3662
19.9499
19.3897
18.6736
17.789
16.7232
15.4628
13.9941
12.303
10.3752
8.19601
5.7505
3.02357
0
0
0.154843
0.324863
0.510765
0.713245
0.93299
1.17067
1.42692
1.70237
1.99761
2.31318
2.64959
3.00727
3.38662
3.78795
4.21149
4.6574
5.12573
5.61642
6.1293
6.66405
7.22023
7.79723
8.39429
9.01045
9.64457
10.2953
10.961
11.64
12.33
13.0288
13.7338
14.442
15.1502
15.8548
16.5518
17.2369
17.9055
18.5524
19.1722
19.7589
20.3061
20.8069
21.2542
21.64
21.9562
22.1938
22.3436
22.3958
22.34
22.1654
21.8606
21.4137
20.8124
20.0437
19.0943
17.9502
16.5973
15.0208
13.2057
11.1364
8.79732
6.17238
3.24539
0
0
0.165749
0.347743
0.546735
0.763472
0.998686
1.25309
1.52739
1.82223
2.13825
2.47603
2.83611
3.21897
3.62501
4.05458
4.50793
4.98523
5.48651
6.01173
6.56069
7.13307
7.72838
8.34599
8.98506
9.64457
10.3233
11.0198
11.7324
12.4591
13.1977
13.9457
14.7003
15.4583
16.2163
16.9704
17.7164
18.4497
19.1653
19.8578
20.5211
21.1491
21.7348
22.2709
22.7496
23.1625
23.5009
23.7552
23.9155
23.9713
23.9116
23.7247
23.3985
22.9202
22.2765
21.4537
20.4374
19.2129
17.7648
16.0774
14.1346
11.9198
9.41613
6.60654
3.47367
0
0
0.176941
0.371222
0.583648
0.815015
1.06611
1.33768
1.63049
1.94523
2.28257
2.64315
3.02752
3.43621
3.86965
4.3282
4.81214
5.32163
5.85673
6.41738
7.00338
7.61437
8.24984
8.90911
9.59129
10.2953
11.0198
11.7633
12.5239
13.2996
14.088
14.8865
15.692
16.5011
17.3102
18.1152
18.9115
19.6943
20.4582
21.1973
21.9054
22.5757
23.2008
23.7731
24.2841
24.7249
25.086
25.3574
25.5286
25.5881
25.5244
25.3248
24.9766
24.466
23.7789
22.9006
21.8158
20.5086
18.9628
17.1616
15.0878
12.7236
10.0511
7.05205
3.70791
0
0
0.188393
0.395245
0.621415
0.86775
1.13508
1.42423
1.73597
2.07107
2.43023
2.81412
3.22335
3.65847
4.11994
4.60814
5.12337
5.66581
6.23551
6.83241
7.45629
8.10678
8.78334
9.48523
10.2115
10.961
11.7324
12.5239
13.3337
14.1596
14.999
15.849
16.7066
17.568
18.4294
19.2864
20.1342
20.9676
21.7808
22.5677
23.3216
24.0351
24.7007
25.3099
25.8539
26.3232
26.7077
26.9966
27.1788
27.2422
27.1743
26.9618
26.591
26.0474
25.3159
24.3808
23.2258
21.8342
20.1885
18.2709
16.0629
13.5459
10.7007
7.50782
3.94755
0
0
0.200072
0.419746
0.659933
0.921533
1.20543
1.51249
1.84355
2.19941
2.58082
2.98849
3.42307
3.88514
4.37519
4.89364
5.44078
6.01681
6.62179
7.25566
7.91818
8.60896
9.32741
10.0728
10.844
11.64
12.4591
13.2996
14.1596
15.0366
15.9279
16.8306
17.7413
18.6561
19.5708
20.4809
21.3812
22.2661
23.1297
23.9653
24.7658
25.5235
26.2303
26.8772
27.4549
27.9532
28.3614
28.6683
28.8617
28.929
28.8568
28.6312
28.2374
27.6601
26.8833
25.8903
24.6638
23.186
21.4384
19.402
17.0574
14.3845
11.3632
7.97261
4.19192
0
0
0.211943
0.44465
0.699085
0.976201
1.27694
1.60221
1.9529
2.32985
2.73388
3.16572
3.62607
4.11553
4.63464
5.18381
5.76339
6.37357
7.01441
7.68585
8.38764
9.11937
9.88041
10.6699
11.4869
12.33
13.1977
14.088
14.999
15.9279
16.8721
17.8283
18.7929
19.7619
20.7309
21.6948
22.6485
23.5859
24.5006
25.3857
26.2336
27.0363
27.7849
28.4702
29.082
29.6098
30.0423
30.3673
30.5721
30.6434
30.5669
30.3279
29.9108
29.2992
28.4763
27.4245
26.1253
24.5599
22.7087
20.5516
18.0681
15.2368
12.0364
8.44499
4.44029
0
0
0.223966
0.469872
0.738737
1.03157
1.34936
1.69307
2.06364
2.46196
2.88889
3.34522
3.83166
4.34886
4.89739
5.47769
6.09011
6.73487
7.41203
8.12152
8.86309
9.63627
10.4404
11.2747
12.138
13.0288
13.9457
14.8865
15.849
16.8306
17.8283
18.8387
19.8579
20.8818
21.9057
22.9243
23.9319
24.9224
25.889
26.8242
27.7202
28.5683
29.3593
30.0833
30.7299
31.2875
31.7444
32.0878
32.3043
32.3795
32.2987
32.0461
31.6053
30.9591
30.0896
28.9781
27.6053
25.9512
23.9951
21.7159
19.0916
16.1
12.7183
8.92336
4.69181
0
0
0.236096
0.495318
0.77874
1.08742
1.42241
1.78473
2.17536
2.59524
3.04528
3.52629
4.03906
4.58425
5.16246
5.77416
6.41972
7.09936
7.81316
8.56104
9.34272
10.1577
11.0054
11.8848
12.7948
13.7338
14.7003
15.692
16.7066
17.7413
18.7929
19.8579
20.9323
22.0116
23.0908
24.1645
25.2266
26.2707
27.2895
28.2753
29.2197
30.1137
30.9475
31.7107
32.3921
32.98
33.4615
33.8235
34.0516
34.1309
34.0457
33.7794
33.3148
32.6336
31.717
30.5453
29.0983
27.3547
25.2928
22.8903
20.124
16.9706
13.406
9.40591
4.94553
0
0
0.248283
0.520882
0.818929
1.14354
1.49581
1.87682
2.2876
2.72914
3.20238
3.7082
4.24741
4.82072
5.42874
6.07198
6.75083
7.46552
8.21612
9.00256
9.82454
10.6816
11.573
12.4977
13.4546
14.442
15.4583
16.5011
17.568
18.6561
19.7619
20.8818
22.0116
23.1465
24.2813
25.4104
26.5272
27.6251
28.6964
29.733
30.7261
31.6661
32.5429
33.3454
34.062
34.6801
35.1864
35.567
35.8068
35.8902
35.8006
35.5206
35.0319
34.3156
33.3517
32.1197
30.598
28.7645
26.5964
24.07
21.1612
17.8452
14.0969
9.89063
5.20039
0
0
0.260469
0.546448
0.859119
1.19966
1.56921
1.96891
2.39983
2.86303
3.35948
3.89011
4.45576
5.05718
5.69502
6.3698
7.08193
7.83166
8.61907
9.44406
10.3063
11.2054
12.1405
13.1106
14.1143
15.1502
16.2163
17.3102
18.4294
19.5708
20.7309
21.9057
23.0908
24.2813
25.4718
26.6561
27.8278
28.9794
30.1032
31.1906
32.2324
33.2185
34.1382
34.98
35.7316
36.38
36.9112
37.3104
37.5619
37.6494
37.5553
37.2616
36.7489
35.9975
34.9863
33.6939
32.0976
30.1742
27.8998
25.2495
22.1982
18.7197
14.7877
10.3753
5.45522
0
0
0.272595
0.571884
0.899107
1.25549
1.64224
2.06053
2.5115
2.99624
3.51579
4.0711
4.66305
5.29244
5.95994
6.66611
7.41135
8.19594
9.01996
9.88332
10.7857
11.7266
12.7051
13.7203
14.7707
15.8548
16.9704
18.1152
19.2864
20.4809
21.6948
22.9243
24.1645
25.4104
26.6561
27.8955
29.1216
30.3268
31.5028
32.6408
33.7309
34.7628
35.7253
36.6062
37.3928
38.0712
38.6271
39.0448
39.308
39.3995
39.301
38.9936
38.4571
37.6706
36.6125
35.2599
33.5894
31.5766
29.1964
26.423
23.2298
19.5897
15.4749
10.8575
5.70873
0
0
0.284592
0.59705
0.938669
1.31073
1.71449
2.15117
2.62198
3.12803
3.67042
4.25015
4.86813
5.52519
6.22203
6.95924
7.73724
8.55632
9.41656
10.3179
11.2599
12.2421
13.2637
14.3235
15.4201
16.5518
17.7164
18.9115
20.1342
21.3812
22.6485
23.9319
25.2266
26.5272
27.8278
29.1216
30.4016
31.6597
32.8874
34.0753
35.2133
36.2906
37.2953
38.2149
39.036
39.7443
40.3245
40.7605
41.0353
41.1307
41.0279
40.7069
40.1468
39.3258
38.2211
36.8091
35.0651
32.9639
30.4791
27.5838
24.2503
20.4503
16.1547
11.3344
5.95949
0
0
0.296386
0.621791
0.977561
1.36503
1.78551
2.24028
2.73058
3.25759
3.82243
4.42616
5.06972
5.75398
6.47967
7.24739
8.05759
8.91057
9.80642
10.745
11.726
12.7489
13.8127
14.9164
16.0584
17.2369
18.4497
19.6943
20.9676
22.2661
23.5859
24.9224
26.2707
27.6251
28.9794
30.3268
31.6597
32.9699
34.2484
35.4854
36.6705
37.7923
38.8385
39.7961
40.6512
41.3887
41.9929
42.447
42.733
42.8324
42.7253
42.391
41.8077
40.9526
39.8022
38.3317
36.5156
34.3274
31.7399
28.7248
25.2534
21.2961
16.8229
11.8032
6.20597
0
0
0.307897
0.645936
1.01552
1.41803
1.85483
2.32724
2.83656
3.38402
3.97078
4.59792
5.26645
5.97725
6.73108
7.52858
8.37021
9.25627
10.1869
11.1619
12.1809
13.2435
14.3485
15.495
16.6813
17.9055
19.1653
20.4582
21.7808
23.1297
24.5006
25.889
27.2895
28.6964
30.1032
31.5028
32.8874
34.2484
35.5764
36.8614
38.0924
39.2576
40.3444
41.3391
42.2273
42.9934
43.621
44.0926
44.3897
44.4929
44.3816
44.0342
43.4283
42.5401
41.345
39.8175
37.931
35.6579
32.97
29.8381
26.2321
22.1214
17.4749
12.2606
6.44646
0
0
0.319037
0.669303
1.05225
1.46931
1.9219
2.4114
2.93913
3.50637
4.11433
4.76414
5.45682
6.1933
6.97437
7.80068
8.67271
9.59078
10.555
11.5652
12.6211
13.722
14.867
16.0549
17.284
18.5524
19.8578
21.1973
22.5677
23.9653
25.3857
26.8242
28.2753
29.733
31.1906
32.6408
34.0753
35.4854
36.8614
38.1927
39.4682
40.6755
41.8015
42.8321
43.7523
44.546
45.1962
45.6848
45.9926
46.0995
45.9841
45.6242
44.9963
44.076
42.8378
41.2551
39.3004
36.9452
34.1603
30.9152
27.179
22.9199
18.1056
12.7031
6.67914
0
0
0.329711
0.691693
1.08745
1.51845
1.98617
2.49203
3.03739
3.62359
4.25186
4.92338
5.63921
6.40029
7.20745
8.06136
8.96253
9.91126
10.9077
11.9516
13.0428
14.1805
15.3637
16.5912
17.8614
19.1722
20.5211
21.9054
23.3216
24.7658
26.2336
27.7202
29.2197
30.7261
32.2324
33.7309
35.2133
36.6705
38.0924
39.4682
40.7862
42.0337
43.1973
44.2623
45.2132
46.0334
46.7052
47.2101
47.5282
47.6386
47.5193
47.1473
46.4984
45.5473
44.2677
42.6321
40.6121
38.1784
35.3004
31.947
28.0861
23.6849
18.7098
13.127
6.90202
0
0
0.339817
0.712891
1.12077
1.56497
2.04702
2.56836
3.13042
3.73456
4.38206
5.07413
5.81187
6.59624
7.4281
8.30814
9.23688
10.2146
11.2415
12.3174
13.442
14.6144
15.8339
17.099
18.408
19.7589
21.1491
22.5757
24.0351
25.5235
27.0363
28.5683
30.1137
31.6661
33.2185
34.7628
36.2906
37.7923
39.2576
40.6755
42.0337
43.3194
44.5185
45.6161
46.596
47.4412
48.1336
48.6539
48.9816
49.0953
48.9724
48.589
47.9202
46.9399
45.6211
43.9355
41.8537
39.3455
36.3795
32.9236
28.9446
24.4088
19.2817
13.5283
7.11296
0
0
0.349246
0.732667
1.15185
1.60837
2.10378
2.63956
3.2172
3.83808
4.50352
5.21476
5.97292
6.77902
7.63392
8.53833
9.49278
10.4976
11.5529
12.6586
13.8143
15.0192
16.2724
17.5725
18.9178
20.3061
21.7348
23.2008
24.7007
26.2303
27.7849
29.3593
30.9475
32.5429
34.1382
35.7253
37.2953
38.8385
40.3444
41.8015
43.1973
44.5185
45.7508
46.8787
47.8857
48.7543
49.4658
50.0004
50.3371
50.4539
50.3275
49.9334
49.2461
48.2387
46.8834
45.151
43.0116
40.4339
37.3858
33.8343
29.7452
25.0839
19.815
13.9024
7.30966
0
0
0.357879
0.750775
1.18031
1.64811
2.15574
2.70476
3.29665
3.93284
4.6147
5.34349
6.12036
6.94634
7.82233
8.74904
9.72704
10.7567
11.838
12.971
14.1551
15.3898
16.6739
18.006
19.3844
20.8069
22.2709
23.7731
25.3099
26.8772
28.4702
30.0833
31.7107
33.3454
34.98
36.6062
38.2149
39.7961
41.3391
42.8321
44.2623
45.6161
46.8787
48.0343
49.0661
49.956
50.685
51.2327
51.5777
51.6974
51.5678
51.164
50.4596
49.4273
48.0385
46.2635
44.0713
41.4301
38.3068
34.6677
30.4779
25.7017
20.303
14.2448
7.48967
0
0
0.365592
0.76695
1.20574
1.6836
2.20216
2.76298
3.3676
4.01748
4.714
5.45846
6.25203
7.09576
7.99058
8.93721
9.93622
10.988
12.0926
13.2499
14.4595
15.7206
17.0323
18.3931
19.8011
21.2542
22.7496
24.2841
25.8539
27.4549
29.082
30.7299
32.3921
34.062
35.7316
37.3928
39.036
40.6512
42.2273
43.7523
45.2132
46.596
47.8857
49.0661
50.12
51.029
51.7736
52.333
52.6854
52.8075
52.6751
52.2625
51.543
50.4885
49.0698
47.2566
45.0173
42.3193
39.129
35.4117
31.1319
26.2532
20.7386
14.5504
7.65035
0
0
0.372249
0.780911
1.22768
1.71423
2.24221
2.81322
3.42883
4.09051
4.79968
5.55765
6.36563
7.22468
8.13574
9.09956
10.1167
11.1875
12.3122
13.4905
14.722
16.0061
17.3416
18.727
20.1606
21.64
23.1625
24.7249
26.3232
27.9532
29.6098
31.2875
32.98
34.6801
36.38
38.0712
39.7443
41.3887
42.9934
44.546
46.0334
47.4412
48.7543
49.956
51.029
51.9544
52.7125
53.282
53.6407
53.765
53.6301
53.21
52.4773
51.4037
49.9592
48.113
45.8331
43.0861
39.8379
36.0532
31.6959
26.7288
21.1143
14.8139
7.78889
0
0
0.377708
0.792358
1.24567
1.73934
2.27505
2.85441
3.47902
4.15037
4.8699
5.63895
6.45873
7.33033
8.2547
9.23259
10.2646
11.3511
12.4921
13.6876
14.9372
16.24
17.5949
19.0006
20.4551
21.9562
23.5009
25.086
26.7077
28.3614
30.0423
31.7444
33.4615
35.1864
36.9112
38.6271
40.3245
41.9929
43.621
45.1962
46.7052
48.1336
49.4658
50.685
51.7736
52.7125
53.4815
54.0593
54.4231
54.5492
54.4123
53.986
53.2426
52.1531
50.6875
48.8144
46.5011
43.7141
40.4185
36.5786
32.1576
27.1181
21.4218
15.0296
7.90231
0
0
0.381818
0.800975
1.25921
1.75824
2.29975
2.88539
3.51677
4.19539
4.92272
5.70009
6.52874
7.40978
8.34414
9.33262
10.3758
11.474
12.6274
13.8358
15.0989
16.4158
17.7854
19.2063
20.6765
22.1938
23.7552
25.3574
26.9966
28.6683
30.3673
32.0878
33.8235
35.567
37.3104
39.0448
40.7605
42.447
44.0926
45.6848
47.2101
48.6539
50.0004
51.2327
52.333
53.282
54.0593
54.6432
55.011
55.1383
54.9998
54.5688
53.8173
52.7161
51.2346
49.3411
47.0028
44.1856
40.8544
36.973
32.5043
27.4105
21.6527
15.1916
7.98744
0
0
0.384418
0.806425
1.26777
1.77018
2.31536
2.90497
3.54061
4.22382
4.95606
5.73868
6.57293
7.45991
8.40058
9.39572
10.4459
11.5516
12.7127
13.9293
15.2009
16.5266
17.9055
19.336
20.8161
22.3436
23.9155
25.5286
27.1788
28.8617
30.5721
32.3043
34.0516
35.8068
37.5619
39.308
41.0353
42.733
44.3897
45.9926
47.5282
48.9816
50.3371
51.5777
52.6854
53.6407
54.4231
55.011
55.3811
55.5092
55.3697
54.9357
54.1791
53.0704
51.5788
49.6726
47.3185
44.4823
41.1286
37.2211
32.7224
27.5943
21.7978
15.2934
8.04095
0
0
0.385341
0.808353
1.27079
1.77439
2.32086
2.91185
3.54898
4.2338
4.96775
5.7522
6.5884
7.47745
8.42031
9.41778
10.4704
11.5786
12.7425
13.9619
15.2365
16.5653
17.9474
19.3812
20.8648
22.3958
23.9713
25.5881
27.2422
28.929
30.6434
32.3795
34.1309
35.8902
37.6494
39.3995
41.1307
42.8324
44.4929
46.0995
47.6386
49.0953
50.4539
51.6974
52.8075
53.765
54.5492
55.1383
55.5092
55.6375
55.4977
55.0626
54.3041
53.1927
51.6977
49.7869
47.4273
44.5845
41.223
37.3065
32.7973
27.6574
21.8476
15.3283
8.05929
0
0
0.384406
0.806387
1.26769
1.77005
2.31517
2.9047
3.54025
4.22336
4.95549
5.73799
6.57211
7.45894
8.39946
9.39443
10.4445
11.5499
12.7109
13.9272
15.1986
16.5241
17.9027
19.3329
20.8128
22.34
23.9116
25.5244
27.1743
28.8568
30.5669
32.2987
34.0457
35.8006
37.5553
39.301
41.0279
42.7253
44.3816
45.9841
47.5193
48.9724
50.3275
51.5678
52.6751
53.6301
54.4123
54.9998
55.3697
55.4977
55.358
54.924
54.1673
53.0586
51.5672
49.6612
47.3075
44.4717
41.1187
37.2119
32.7141
27.5872
21.7921
15.2893
8.03875
0
0
0.381429
0.800134
1.25785
1.7563
2.29717
2.8821
3.51269
4.19047
4.91688
5.69327
6.52086
7.40077
8.33393
9.32113
10.3629
11.4597
12.6116
13.8185
15.0799
16.395
17.7629
19.1819
20.6502
22.1654
23.7247
25.3248
26.9618
28.6312
30.3279
32.0461
33.7794
35.5206
37.2616
38.9936
40.7069
42.391
44.0342
45.6242
47.1473
48.589
49.9334
51.164
52.2625
53.21
53.986
54.5688
54.9357
55.0626
54.924
54.4932
53.7424
52.6423
51.1625
49.2713
46.936
44.1224
40.7956
36.9194
32.4569
27.3702
21.6206
15.1689
7.97543
0
0
0.376212
0.789183
1.24063
1.73224
2.26568
2.84258
3.46451
4.13297
4.84939
5.6151
6.43132
7.29912
8.21945
9.19307
10.2205
11.3023
12.4383
13.6286
14.8726
16.1697
17.5187
18.9181
20.3662
21.8606
23.3985
24.9766
26.591
28.2374
29.9108
31.6053
33.3148
35.0319
36.7489
38.4571
40.1468
41.8077
43.4283
44.9963
46.4984
47.9202
49.2461
50.4596
51.543
52.4773
53.2426
53.8173
54.1791
54.3041
54.1673
53.7424
53.0018
51.9168
50.4573
48.592
46.2887
43.5138
40.2328
36.41
32.0089
26.9923
21.322
14.9594
7.86524
0
0
0.368551
0.773104
1.21534
1.69691
2.21946
2.78458
3.3938
4.0486
4.75038
5.50044
6.29997
7.15004
8.05155
9.00526
10.0117
11.0713
12.1841
13.3501
14.5686
15.8392
17.1606
18.5315
19.9499
21.4137
22.9202
24.466
26.0474
27.6601
29.2992
30.9591
32.6336
34.3156
35.9975
37.6706
39.3258
40.9526
42.5401
44.076
45.5473
46.9399
48.2387
49.4273
50.4885
51.4037
52.1531
52.7161
53.0704
53.1927
53.0586
52.6423
51.9168
50.8538
49.4241
47.5969
45.3407
42.6225
39.4085
35.6639
31.3529
26.439
20.8849
14.6526
7.70391
0
0
0.358232
0.751449
1.18128
1.64935
2.15724
2.70649
3.29861
3.93503
4.6171
5.3461
6.12318
6.94937
7.82556
8.75248
9.73068
10.7605
11.8421
12.9752
14.1596
15.3945
16.6788
18.0111
19.3897
20.8124
22.2765
23.7789
25.3159
26.8833
28.4763
30.0896
31.717
33.3517
34.9863
36.6125
38.2211
39.8022
41.345
42.8378
44.2677
45.6211
46.8834
48.0385
49.0698
49.9592
50.6875
51.2346
51.5788
51.6977
51.5672
51.1625
50.4573
49.4241
48.0344
46.2585
44.0655
41.4236
38.2999
34.6605
30.4707
25.6949
20.297
14.2401
7.48697
0
0
0.345032
0.723751
1.13773
1.58852
2.07766
2.60663
3.17689
3.7898
4.44669
5.14876
5.89713
6.6928
7.53663
8.42931
9.37138
10.3632
11.4048
12.4961
13.6367
14.8259
16.0628
17.3459
18.6736
20.0437
21.4537
22.9006
24.3808
25.8903
27.4245
28.9781
30.5453
32.1197
33.6939
35.2599
36.8091
38.3317
39.8175
41.2551
42.6321
43.9355
45.151
46.2635
47.2566
48.113
48.8144
49.3411
49.6726
49.7869
49.6612
49.2713
48.592
47.5969
46.2585
44.5481
42.4361
39.8917
36.8833
33.3784
29.3434
24.7442
19.5459
13.713
7.20981
0
0
0.328722
0.689526
1.08391
1.51337
1.97935
2.48327
3.02652
3.6104
4.23617
4.90498
5.6179
6.37588
7.17973
8.03013
8.92756
9.87236
10.8646
11.9042
12.9908
14.1237
15.3019
16.5243
17.789
19.0943
20.4374
21.8158
23.2258
24.6638
26.1253
27.6053
29.0983
30.598
32.0976
33.5894
35.0651
36.5156
37.931
39.3004
40.6121
41.8537
43.0116
44.0713
45.0173
45.8331
46.5011
47.0028
47.3185
47.4273
47.3075
46.936
46.2887
45.3407
44.0655
42.4361
40.424
38.0001
35.1343
31.7953
27.9516
23.5703
18.6185
13.0623
6.86762
0
0
0.309061
0.648273
1.01905
1.42279
1.86085
2.33459
2.84529
3.39419
3.98247
4.61121
5.28141
5.99397
6.74966
7.54909
8.39275
9.28094
10.2137
11.191
12.2125
13.2775
14.3852
15.5342
16.7232
17.9502
19.2129
20.5086
21.8342
23.186
24.5599
25.9512
27.3547
28.7645
30.1742
31.5766
32.9639
34.3274
35.6579
36.9452
38.1784
39.3455
40.4339
41.4301
42.3193
43.0861
43.7141
44.1856
44.4823
44.5845
44.4717
44.1224
43.5138
42.6225
41.4236
39.8917
38.0001
35.7214
33.0272
29.8884
26.2749
22.1563
17.5014
12.2785
6.45544
0
0
0.285802
0.599474
0.942323
1.31564
1.7207
2.15874
2.63095
3.13848
3.68241
4.26376
4.88345
5.5423
6.24103
6.9802
7.76027
8.58151
9.444
10.3476
11.2921
12.2768
13.301
14.3634
15.4628
16.5973
17.7648
18.9628
20.1885
21.4384
22.7087
23.9951
25.2928
26.5964
27.8998
29.1964
30.4791
31.7399
32.97
34.1603
35.3004
36.3795
37.3858
38.3068
39.129
39.8379
40.4185
40.8544
41.1286
41.223
41.1187
40.7956
40.2328
39.4085
38.2999
36.8833
35.1343
33.0272
30.536
27.6337
24.2927
20.4846
16.1807
11.3518
5.96815
0
0
0.258692
0.542596
0.852896
1.19077
1.55736
1.95379
2.38115
2.84047
3.33274
3.85887
4.41969
5.01596
5.64831
6.31727
7.02324
7.76647
8.54703
9.36483
10.2196
11.1108
12.0376
12.9992
13.9941
15.0208
16.0774
17.1616
18.2709
19.402
20.5516
21.7159
22.8903
24.07
25.2495
26.423
27.5838
28.7248
29.8381
30.9152
31.947
32.9236
33.8343
34.6677
35.4117
36.0532
36.5786
36.973
37.2211
37.3065
37.2119
36.9194
36.41
35.6639
34.6605
33.3784
31.7953
29.8884
27.6337
25.0071
21.9834
18.5371
14.6422
10.2722
5.40049
0
0
0.227469
0.477089
0.749907
1.04696
1.36925
1.71778
2.0935
2.49731
2.93009
3.39264
3.88569
4.4099
4.96583
5.55395
6.1746
6.82801
7.51424
8.23321
8.98466
9.76815
10.583
11.4283
12.303
13.2057
14.1346
15.0878
16.0629
17.0574
18.0681
19.0916
20.124
21.1612
22.1982
23.2298
24.2503
25.2534
26.2321
27.179
28.0861
28.9446
29.7452
30.4779
31.1319
31.6959
32.1576
32.5043
32.7224
32.7973
32.7141
32.4569
32.0089
31.3529
30.4707
29.3434
27.9516
26.2749
24.2927
21.9834
19.3251
16.2953
12.8712
9.02962
4.74708
0
0
0.191864
0.402393
0.632474
0.882984
1.15478
1.4487
1.76554
2.10608
2.47104
2.86111
3.27689
3.71896
4.18778
4.68374
5.20714
5.75815
6.33685
6.94316
7.57686
8.23756
8.92473
9.6376
10.3752
11.1364
11.9198
12.7236
13.5459
14.3845
15.2368
16.1
16.9706
17.8452
18.7197
19.5897
20.4503
21.2961
22.1214
22.9199
23.6849
24.4088
25.0839
25.7017
26.2532
26.7288
27.1181
27.4105
27.5943
27.6574
27.5872
27.3702
26.9923
26.439
25.6949
24.7442
23.5703
22.1563
20.4846
18.5371
16.2953
13.7403
10.8528
7.61343
4.00241
0
0
0.151602
0.317931
0.499695
0.697592
0.9123
1.14448
1.39477
1.66378
1.95208
2.26022
2.58867
2.93788
3.30823
3.70001
4.11347
4.54875
5.00589
5.48485
5.98544
6.50737
7.0502
7.61333
8.19601
8.79732
9.41613
10.0511
10.7007
11.3632
12.0364
12.7183
13.406
14.0969
14.7877
15.4749
16.1547
16.8229
17.4749
18.1056
18.7098
19.2817
19.815
20.303
20.7386
21.1143
21.4218
21.6527
21.7978
21.8476
21.7921
21.6206
21.322
20.8849
20.297
19.5459
18.6185
17.5014
16.1807
14.6422
12.8712
10.8528
8.5719
6.01308
3.16092
0
0
0.106401
0.223115
0.350649
0.489499
0.640142
0.803043
0.97865
1.16739
1.36967
1.58586
1.8163
2.06132
2.32116
2.59604
2.88613
3.19152
3.51226
3.84831
4.19953
4.56572
4.94658
5.34168
5.7505
6.17238
6.60654
7.05205
7.50782
7.97261
8.44499
8.92336
9.40591
9.89063
10.3753
10.8575
11.3344
11.8032
12.2606
12.7031
13.127
13.5283
13.9024
14.2448
14.5504
14.8139
15.0296
15.1916
15.2934
15.3283
15.2893
15.1689
14.9594
14.6526
14.2401
13.713
13.0623
12.2785
11.3518
10.2722
9.02962
7.61343
6.01308
4.21784
2.21701
0
0
0.0559697
0.117343
0.184401
0.257406
0.336612
0.422262
0.514593
0.61383
0.720184
0.833854
0.95502
1.08384
1.22046
1.36499
1.51752
1.67809
1.84673
2.02342
2.20809
2.40063
2.60088
2.80862
3.02357
3.24539
3.47367
3.70791
3.94755
4.19192
4.44029
4.69181
4.94553
5.20039
5.45522
5.70873
5.95949
6.20597
6.44646
6.67914
6.90202
7.11296
7.30966
7.48967
7.65035
7.78889
7.90231
7.98744
8.04095
8.05929
8.03875
7.97543
7.86524
7.70391
7.48697
7.20981
6.86762
6.45544
5.96815
5.40049
4.74708
4.00241
3.16092
2.21701
1.16513
0
0
0
0
0
0
0
0
0
0
0
0
0
0
0
0
0
0
0
0
0
0
0
0
0
0
0
0
0
0
0
0
0
0
0
0
0
0
0
0
0
0
0
0
0
0
0
0
0
0
0
0
0
0
0
0
0
0
0
0
0
0
0
0
0
0
