0
0
0
0
0
0
0
0
0
0
0
0
0.183057
0.482133
0.913172
1.47462
2.12986
2.78469
3.26049
3.26606
2.37296
0
0
0.482133
1.25642
2.36548
3.80406
5.47552
7.13535
8.3249
8.30421
6.00044
0
0
0.913172
2.36548
4.43689
7.116
10.2198
13.29
15.473
15.4001
11.1005
0
0
1.47462
3.80406
7.116
11.3902
16.3313
21.2052
24.6516
24.4986
17.6319
0
0
2.12986
5.47552
10.2198
16.3313
23.3833
30.3227
35.2056
34.9412
25.1141
0
0
2.78469
7.13535
13.29
21.2052
30.3227
39.2724
45.5374
45.132
32.3896
0
0
3.26049
8.3249
15.473
24.6516
35.2056
45.5374
52.7252
52.1662
37.3606
0
0
3.26606
8.30421
15.4001
24.4986
34.9412
45.132
52.1662
51.4952
36.7618
0
0
2.37296
6.00044
11.1005
17.6319
25.1141
32.3896
37.3606
36.7618
26.0965
0
0
0
0
0
0
0
0
0
0
0
0
