121
0	0	
0	0.1	
0	0.2	
0	0.3	
0	0.4	
0	0.5	
0	0.6	
0	0.7	
0	0.8	
0	0.9	
0	1	
0.1	0	
0.1	0.1	
0.1	0.2	
0.1	0.3	
0.1	0.4	
0.1	0.5	
0.1	0.6	
0.1	0.7	
0.1	0.8	
0.1	0.9	
0.1	1	
0.2	0	
0.2	0.1	
0.2	0.2	
0.2	0.3	
0.2	0.4	
0.2	0.5	
0.2	0.6	
0.2	0.7	
0.2	0.8	
0.2	0.9	
0.2	1	
0.3	0	
0.3	0.1	
0.3	0.2	
0.3	0.3	
0.3	0.4	
0.3	0.5	
0.3	0.6	
0.3	0.7	
0.3	0.8	
0.3	0.9	
0.3	1	
0.4	0	
0.4	0.1	
0.4	0.2	
0.4	0.3	
0.4	0.4	
0.4	0.5	
0.4	0.6	
0.4	0.7	
0.4	0.8	
0.4	0.9	
0.4	1	
0.5	0	
0.5	0.1	
0.5	0.2	
0.5	0.3	
0.5	0.4	
0.5	0.5	
0.5	0.6	
0.5	0.7	
0.5	0.8	
0.5	0.9	
0.5	1	
0.6	0	
0.6	0.1	
0.6	0.2	
0.6	0.3	
0.6	0.4	
0.6	0.5	
0.6	0.6	
0.6	0.7	
0.6	0.8	
0.6	0.9	
0.6	1	
0.7	0	
0.7	0.1	
0.7	0.2	
0.7	0.3	
0.7	0.4	
0.7	0.5	
0.7	0.6	
0.7	0.7	
0.7	0.8	
0.7	0.9	
0.7	1	
0.8	0	
0.8	0.1	
0.8	0.2	
0.8	0.3	
0.8	0.4	
0.8	0.5	
0.8	0.6	
0.8	0.7	
0.8	0.8	
0.8	0.9	
0.8	1	
0.9	0	
0.9	0.1	
0.9	0.2	
0.9	0.3	
0.9	0.4	
0.9	0.5	
0.9	0.6	
0.9	0.7	
0.9	0.8	
0.9	0.9	
0.9	1	
1	0	
1	0.1	
1	0.2	
1	0.3	
1	0.4	
1	0.5	
1	0.6	
1	0.7	
1	0.8	
1	0.9	
1	1	

200
11	12	0	
12	13	1	
13	14	2	
14	15	3	
15	16	4	
16	17	5	
17	18	6	
18	19	7	
19	20	8	
20	21	9	
22	23	11	
23	24	12	
24	25	13	
25	26	14	
26	27	15	
27	28	16	
28	29	17	
29	30	18	
30	31	19	
31	32	20	
33	34	22	
34	35	23	
35	36	24	
36	37	25	
37	38	26	
38	39	27	
39	40	28	
40	41	29	
41	42	30	
42	43	31	
44	45	33	
45	46	34	
46	47	35	
47	48	36	
48	49	37	
49	50	38	
50	51	39	
51	52	40	
52	53	41	
53	54	42	
55	56	44	
56	57	45	
57	58	46	
58	59	47	
59	60	48	
60	61	49	
61	62	50	
62	63	51	
63	64	52	
64	65	53	
66	67	55	
67	68	56	
68	69	57	
69	70	58	
70	71	59	
71	72	60	
72	73	61	
73	74	62	
74	75	63	
75	76	64	
77	78	66	
78	79	67	
79	80	68	
80	81	69	
81	82	70	
82	83	71	
83	84	72	
84	85	73	
85	86	74	
86	87	75	
88	89	77	
89	90	78	
90	91	79	
91	92	80	
92	93	81	
93	94	82	
94	95	83	
95	96	84	
96	97	85	
97	98	86	
99	100	88	
100	101	89	
101	102	90	
102	103	91	
103	104	92	
104	105	93	
105	106	94	
106	107	95	
107	108	96	
108	109	97	
110	111	99	
111	112	100	
112	113	101	
113	114	102	
114	115	103	
115	116	104	
116	117	105	
117	118	106	
118	119	107	
119	120	108	
1	0	12	
2	1	13	
3	2	14	
4	3	15	
5	4	16	
6	5	17	
7	6	18	
8	7	19	
9	8	20	
10	9	21	
12	11	23	
13	12	24	
14	13	25	
15	14	26	
16	15	27	
17	16	28	
18	17	29	
19	18	30	
20	19	31	
21	20	32	
23	22	34	
24	23	35	
25	24	36	
26	25	37	
27	26	38	
28	27	39	
29	28	40	
30	29	41	
31	30	42	
32	31	43	
34	33	45	
35	34	46	
36	35	47	
37	36	48	
38	37	49	
39	38	50	
40	39	51	
41	40	52	
42	41	53	
43	42	54	
45	44	56	
46	45	57	
47	46	58	
48	47	59	
49	48	60	
50	49	61	
51	50	62	
52	51	63	
53	52	64	
54	53	65	
56	55	67	
57	56	68	
58	57	69	
59	58	70	
60	59	71	
61	60	72	
62	61	73	
63	62	74	
64	63	75	
65	64	76	
67	66	78	
68	67	79	
69	68	80	
70	69	81	
71	70	82	
72	71	83	
73	72	84	
74	73	85	
75	74	86	
76	75	87	
78	77	89	
79	78	90	
80	79	91	
81	80	92	
82	81	93	
83	82	94	
84	83	95	
85	84	96	
86	85	97	
87	86	98	
89	88	100	
90	89	101	
91	90	102	
92	91	103	
93	92	104	
94	93	105	
95	94	106	
96	95	107	
97	96	108	
98	97	109	
100	99	111	
101	100	112	
102	101	113	
103	102	114	
104	103	115	
105	104	116	
106	105	117	
107	106	118	
108	107	119	
109	108	120	

40
0
1
2
3
4
5
6
7
8
9
10
11
21
22
32
33
43
44
54
55
65
66
76
77
87
88
98
99
109
110
111
112
113
114
115
116
117
118
119
120
